	(1)	(2)	(3)	(4)	(5)	(6)	(7)	(8)	(9)	(10)	(11)	(12)	(13)	(14)	(15)	(16)	(17)	(18)	(19)	(20)	(21)	(22)	(23)	(24)	(25)	(26)	(27)	(28)	(29)	(30)	(31)	(32)	(33)	(34)	(35)	(36)	(37)	(38)	(39)	(40)	(41)	(42)	(43)	(44)	(45)	(46)	(47)	(48)	(49)	(50)	(51)	(52)	(53)	(54)	(55)	(56)	(57)	(58)	(59)	(60)	(61)	(62)	(63)
VARIABLES	ZQ_Verbal_Similarities	ZQ_Verbal_Similarities	ZQ_Verbal_Similarities	ZQ_Number_Skills	ZQ_Number_Skills	ZQ_Number_Skills	ZQ_Word_Reading	ZQ_Word_Reading	ZQ_Word_Reading	ZQ_Pattern_Construction	ZQ_Pattern_Construction	ZQ_Pattern_Construction	ZQ_Help_Reading_Freq	ZQ_Help_Reading_Freq	ZQ_Help_Reading_Freq	ZQ_Help_Writing_Freq	ZQ_Help_Writing_Freq	ZQ_Help_Writing_Freq	ZQ_Proactive_School_Selection	ZQ_Proactive_School_Selection	ZQ_Proactive_School_Selection	ZQ_Verbal_Similarities	ZQ_Verbal_Similarities	ZQ_Verbal_Similarities	ZQ_Number_Skills	ZQ_Number_Skills	ZQ_Number_Skills	ZQ_Word_Reading	ZQ_Word_Reading	ZQ_Word_Reading	ZQ_Pattern_Construction	ZQ_Pattern_Construction	ZQ_Pattern_Construction	ZQ_Help_Reading_Freq	ZQ_Help_Reading_Freq	ZQ_Help_Reading_Freq	ZQ_Help_Writing_Freq	ZQ_Help_Writing_Freq	ZQ_Help_Writing_Freq	ZQ_Proactive_School_Selection	ZQ_Proactive_School_Selection	ZQ_Proactive_School_Selection	ZQ_Verbal_Similarities	ZQ_Verbal_Similarities	ZQ_Verbal_Similarities	ZQ_Number_Skills	ZQ_Number_Skills	ZQ_Number_Skills	ZQ_Word_Reading	ZQ_Word_Reading	ZQ_Word_Reading	ZQ_Pattern_Construction	ZQ_Pattern_Construction	ZQ_Pattern_Construction	ZQ_Help_Reading_Freq	ZQ_Help_Reading_Freq	ZQ_Help_Reading_Freq	ZQ_Help_Writing_Freq	ZQ_Help_Writing_Freq	ZQ_Help_Writing_Freq	ZQ_Proactive_School_Selection	ZQ_Proactive_School_Selection	ZQ_Proactive_School_Selection
																																																															
fert	-0.0882	-0.102	-0.0709	-0.0195	-0.0229	0.0105	0.106	0.0897	0.117	-0.259	-0.262	-0.254	-0.0259	-0.0246	-0.0328	-0.155	-0.164	-0.169	0.392	0.400	0.440	-0.248	-0.255	-0.170	-0.531***	-0.527***	-0.477**	-0.148	-0.146	-0.0655	0.0336	0.0215	0.0728	-0.0190	-0.0233	-0.0137	-0.0542	-0.0574	-0.0811	0.0513	0.0657	0.0972	-0.551	-0.526	-0.447	-0.319	-0.267	-0.249	-0.744	-0.698	-0.604	-0.981*	-1.081*	-1.034*	-0.0182	-0.0506	-0.0837	-0.265	-0.333	-0.351	-0.242	-0.254	-0.186
	(0.147)	(0.149)	(0.155)	(0.156)	(0.153)	(0.166)	(0.213)	(0.210)	(0.222)	(0.161)	(0.161)	(0.170)	(0.184)	(0.188)	(0.194)	(0.178)	(0.177)	(0.178)	(0.288)	(0.286)	(0.294)	(0.185)	(0.180)	(0.178)	(0.180)	(0.181)	(0.195)	(0.180)	(0.176)	(0.180)	(0.143)	(0.143)	(0.131)	(0.199)	(0.198)	(0.201)	(0.200)	(0.199)	(0.207)	(0.273)	(0.275)	(0.289)	(0.401)	(0.409)	(0.381)	(0.466)	(0.526)	(0.521)	(0.502)	(0.564)	(0.519)	(0.531)	(0.571)	(0.548)	(0.435)	(0.452)	(0.428)	(0.227)	(0.241)	(0.224)	(0.439)	(0.448)	(0.423)
motherage	-1.227	-1.227	-1.018	-1.652*	-1.657*	-1.466*	-0.396	-0.434	-0.265	-0.966	-0.968	-0.871	-0.261	-0.234	-0.232	-0.982	-0.981	-1.025	0.145	0.209	0.424	-0.708	-0.745	-0.480	-2.361	-2.416	-1.898	-2.081*	-2.174*	-1.847	-1.008	-1.099	-0.913	-1.126	-1.107	-1.059	1.426	1.460	1.550	0.191	0.183	-0.0525	-2.392	-2.514	-2.961*	-1.730	-1.728	-1.902	-1.172	-1.296	-1.782	-0.847	-1.000	-0.850	0.452	0.490	0.729	0.797	0.768	0.757	1.055	1.060	0.857
	(0.822)	(0.823)	(0.811)	(0.862)	(0.862)	(0.849)	(0.812)	(0.806)	(0.830)	(0.798)	(0.798)	(0.790)	(0.912)	(0.913)	(0.913)	(0.904)	(0.902)	(0.906)	(0.866)	(0.868)	(0.864)	(1.080)	(1.083)	(1.077)	(1.513)	(1.512)	(1.471)	(1.179)	(1.171)	(1.185)	(1.080)	(1.078)	(1.056)	(1.296)	(1.301)	(1.272)	(1.145)	(1.152)	(1.152)	(1.301)	(1.313)	(1.294)	(1.839)	(1.818)	(1.761)	(2.702)	(2.661)	(2.562)	(2.160)	(2.131)	(2.019)	(2.881)	(2.943)	(2.892)	(2.180)	(2.170)	(2.181)	(1.736)	(1.741)	(1.665)	(2.479)	(2.489)	(2.512)
motheragesq	0.0402	0.0400	0.0322	0.0613**	0.0614**	0.0547*	0.0201	0.0215	0.0152	0.0341	0.0340	0.0302	0.0110	0.00983	0.00959	0.0399	0.0399	0.0413	-0.00870	-0.0113	-0.0193	0.0208	0.0222	0.0113	0.0888	0.0908*	0.0717	0.0770*	0.0804*	0.0674	0.0374	0.0407	0.0336	0.0369	0.0363	0.0348	-0.0568	-0.0579	-0.0611	-0.0152	-0.0149	-0.00672	0.0918	0.0960	0.113*	0.0727	0.0725	0.0802	0.0434	0.0488	0.0649	0.0491	0.0575	0.0517	-0.0212	-0.0223	-0.0315	-0.0253	-0.0238	-0.0252	-0.0462	-0.0462	-0.0384
	(0.0307)	(0.0307)	(0.0302)	(0.0309)	(0.0309)	(0.0304)	(0.0290)	(0.0288)	(0.0296)	(0.0296)	(0.0295)	(0.0291)	(0.0341)	(0.0342)	(0.0342)	(0.0339)	(0.0337)	(0.0338)	(0.0322)	(0.0323)	(0.0321)	(0.0404)	(0.0404)	(0.0403)	(0.0541)	(0.0540)	(0.0526)	(0.0437)	(0.0434)	(0.0440)	(0.0405)	(0.0404)	(0.0396)	(0.0480)	(0.0481)	(0.0470)	(0.0420)	(0.0422)	(0.0423)	(0.0480)	(0.0484)	(0.0477)	(0.0693)	(0.0685)	(0.0661)	(0.101)	(0.0997)	(0.0956)	(0.0821)	(0.0813)	(0.0771)	(0.108)	(0.111)	(0.109)	(0.0830)	(0.0829)	(0.0835)	(0.0650)	(0.0651)	(0.0625)	(0.0893)	(0.0900)	(0.0906)
motheragecub	-0.000433	-0.000429	-0.000333	-0.000718**	-0.000718**	-0.000640*	-0.000292	-0.000309	-0.000231	-0.000387	-0.000384	-0.000337	-0.000166	-0.000150	-0.000144	-0.000542	-0.000542	-0.000557	0.000125	0.000159	0.000258	-0.000225	-0.000240	-9.32e-05	-0.00108*	-0.00110*	-0.000870	-0.000927*	-0.000964*	-0.000793	-0.000457	-0.000493	-0.000401	-0.000414	-0.000409	-0.000395	0.000681	0.000692	0.000730	0.000242	0.000237	0.000146	-0.00107	-0.00112	-0.00132	-0.000895	-0.000888	-0.000984	-0.000452	-0.000519	-0.000677	-0.000717	-0.000835	-0.000759	0.000247	0.000261	0.000366	0.000206	0.000182	0.000207	0.000590	0.000589	0.000488
	(0.000374)	(0.000374)	(0.000366)	(0.000363)	(0.000363)	(0.000356)	(0.000340)	(0.000339)	(0.000348)	(0.000355)	(0.000354)	(0.000350)	(0.000416)	(0.000417)	(0.000417)	(0.000414)	(0.000411)	(0.000412)	(0.000390)	(0.000391)	(0.000388)	(0.000491)	(0.000489)	(0.000492)	(0.000631)	(0.000630)	(0.000616)	(0.000530)	(0.000526)	(0.000534)	(0.000490)	(0.000488)	(0.000479)	(0.000580)	(0.000581)	(0.000567)	(0.000503)	(0.000505)	(0.000506)	(0.000577)	(0.000581)	(0.000572)	(0.000848)	(0.000838)	(0.000807)	(0.00123)	(0.00122)	(0.00116)	(0.00101)	(0.00101)	(0.000954)	(0.00131)	(0.00135)	(0.00132)	(0.00103)	(0.00103)	(0.00104)	(0.000797)	(0.000797)	(0.000769)	(0.00105)	(0.00106)	(0.00107)
agefirstbirth	-0.0101	-0.0104	-0.0146	0.0227**	0.0217**	0.0172	0.00898	0.00826	0.00219	0.0329**	0.0318**	0.0285**	0.0132	0.0118	0.00976	0.00470	0.00513	0.00582	-0.0141	-0.0148	-0.0194	0.0296***	0.0251***	0.00786	0.0345***	0.0329***	0.0206**	0.0476***	0.0423***	0.0251***	0.0232***	0.0185**	0.00836	0.0147	0.0137	0.0120	0.0145	0.0150	0.0154	0.00620	0.00770	0.00112	0.0291**	0.0266**	0.00556	0.0271*	0.0251*	0.0111	0.0332**	0.0267	0.00964	0.00934	0.00144	-0.00567	-0.00508	-0.00543	-0.000537	-0.0224**	-0.0210*	-0.0179	-0.00768	-0.00793	-0.0123
	(0.0168)	(0.0166)	(0.0153)	(0.0111)	(0.0110)	(0.0105)	(0.0140)	(0.0139)	(0.0136)	(0.0133)	(0.0131)	(0.0134)	(0.0163)	(0.0164)	(0.0163)	(0.0152)	(0.0151)	(0.0152)	(0.0208)	(0.0207)	(0.0209)	(0.00855)	(0.00862)	(0.00867)	(0.00858)	(0.00869)	(0.00844)	(0.00830)	(0.00838)	(0.00862)	(0.00802)	(0.00787)	(0.00777)	(0.00939)	(0.00944)	(0.00960)	(0.00911)	(0.00919)	(0.00939)	(0.0110)	(0.0110)	(0.0109)	(0.0126)	(0.0127)	(0.0121)	(0.0140)	(0.0150)	(0.0151)	(0.0159)	(0.0171)	(0.0162)	(0.0161)	(0.0175)	(0.0164)	(0.0139)	(0.0144)	(0.0139)	(0.0106)	(0.0111)	(0.0112)	(0.0138)	(0.0141)	(0.0141)
height		0.428	0.280		0.314	0.168		0.461*	0.314		0.425	0.298		0.0406	0.0857		0.188	0.241		-0.0582	-0.127		0.340	0.110		-0.163	-0.305		0.343	0.148		0.305	0.189		0.478	0.422		0.310	0.314		-0.332	-0.371		-0.265	-0.623		-0.196	-0.366		0.253	0.0361		1.085*	1.024		0.423	0.528		0.524	0.544		-0.0340	-0.151
		(0.276)	(0.268)		(0.287)	(0.280)		(0.266)	(0.260)		(0.292)	(0.289)		(0.329)	(0.326)		(0.315)	(0.314)		(0.347)	(0.346)		(0.328)	(0.324)		(0.396)	(0.393)		(0.340)	(0.345)		(0.337)	(0.334)		(0.373)	(0.372)		(0.346)	(0.341)		(0.395)	(0.396)		(0.509)	(0.494)		(0.591)	(0.586)		(0.592)	(0.575)		(0.644)	(0.632)		(0.554)	(0.552)		(0.530)	(0.524)		(0.737)	(0.735)
daily_cig_before_preg		-0.00187	0.00277		-0.00343	0.00110		-0.00311	0.00212		-0.00364	0.000666		-0.00446	-0.00460		0.00208	0.000320		-0.000678	0.00148		-0.00847**	-0.00337		-0.00492	-0.00148		-0.0109***	-0.00506		-0.00977***	-0.00615*		-0.000973	0.000683		0.00164	0.000987		0.00103	0.00374		-0.00615	0.000686		-0.00909	-0.00429		-0.0160***	-0.00902		-0.0110*	-0.00933		0.00169	-0.000302		0.00928	0.00602		-0.00181	-0.000249
		(0.00304)	(0.00307)		(0.00306)	(0.00310)		(0.00295)	(0.00298)		(0.00307)	(0.00317)		(0.00351)	(0.00361)		(0.00355)	(0.00366)		(0.00335)	(0.00346)		(0.00362)	(0.00370)		(0.00421)	(0.00420)		(0.00364)	(0.00367)		(0.00353)	(0.00357)		(0.00398)	(0.00408)		(0.00385)	(0.00398)		(0.00420)	(0.00432)		(0.00551)	(0.00557)		(0.00571)	(0.00583)		(0.00595)	(0.00610)		(0.00610)	(0.00621)		(0.00561)	(0.00574)		(0.00574)	(0.00593)		(0.00556)	(0.00541)
weekly_alcohol_b_preg		-0.00355	-0.00346		-0.00186	-0.00161		0.00149	0.00210		-0.00338	-0.00298		-0.00285	-0.00263		0.000340	0.000143		-0.00552*	-0.00471		0.00527	0.00435		0.00219	0.00127		-0.00306	-0.00394		0.00345	0.00279		-0.00229	-0.00167		-0.000157	-7.91e-05		0.000684	0.000753		0.00763	0.00843		-0.00609	-0.00572		-0.00418	-0.00480		0.00189	0.00161		-0.00398	-0.00299		0.00371	0.00347		-0.00153	-0.00158
		(0.00307)	(0.00312)		(0.00291)	(0.00285)		(0.00290)	(0.00293)		(0.00334)	(0.00333)		(0.00317)	(0.00318)		(0.00313)	(0.00316)		(0.00286)	(0.00287)		(0.00327)	(0.00324)		(0.00361)	(0.00349)		(0.00347)	(0.00345)		(0.00290)	(0.00284)		(0.00336)	(0.00335)		(0.00341)	(0.00347)		(0.00509)	(0.00501)		(0.00562)	(0.00537)		(0.00674)	(0.00652)		(0.00619)	(0.00580)		(0.00920)	(0.00889)		(0.00619)	(0.00589)		(0.00532)	(0.00527)		(0.00647)	(0.00612)
complications_during_preg		-0.0117	-0.00731		-0.0512	-0.0448		0.0113	0.0147		-0.0429	-0.0421		0.0264	0.0179		0.110**	0.106**		0.0928*	0.0997**		-0.0172	-0.0283		-0.00458	0.00551		-0.0636	-0.0623		-0.0382	-0.0401		0.0578	0.0508		0.0938*	0.100**		0.0715	0.0662		-0.0818	-0.100		0.0358	0.0282		-0.0113	-0.0296		0.138	0.113		0.0306	0.0165		-0.0293	-0.0384		0.0703	0.0727
		(0.0396)	(0.0390)		(0.0393)	(0.0391)		(0.0400)	(0.0396)		(0.0408)	(0.0403)		(0.0444)	(0.0443)		(0.0433)	(0.0434)		(0.0500)	(0.0504)		(0.0461)	(0.0450)		(0.0529)	(0.0523)		(0.0481)	(0.0473)		(0.0481)	(0.0480)		(0.0524)	(0.0529)		(0.0505)	(0.0509)		(0.0578)	(0.0582)		(0.0763)	(0.0749)		(0.0883)	(0.0865)		(0.0858)	(0.0822)		(0.0948)	(0.0943)		(0.0793)	(0.0789)		(0.0760)	(0.0750)		(0.0877)	(0.0865)
_mother_edu1			-0.0718			-0.247*			-0.0154			0.0462			0.183			0.186			-0.322			0.0902			-0.205			0.0894			0.153			-0.133			-0.232			0.109			-0.327			-0.431*			-0.0324			-0.00400			0.0912			-0.0256			-0.328
			(0.162)			(0.148)			(0.172)			(0.139)			(0.170)			(0.169)			(0.246)			(0.153)			(0.176)			(0.146)			(0.147)			(0.158)			(0.162)			(0.171)			(0.214)			(0.232)			(0.257)			(0.276)			(0.208)			(0.194)			(0.252)
_mother_edu2			0.0717			0.0130			0.157			0.228*			0.116			0.0230			-0.373			0.211			-0.0416			0.193			0.323**			-0.163			-0.345**			0.0434			-0.0495			-0.198			0.0889			0.0840			-0.0104			-0.275			-0.353
			(0.152)			(0.131)			(0.162)			(0.129)			(0.155)			(0.158)			(0.236)			(0.144)			(0.157)			(0.135)			(0.138)			(0.148)			(0.152)			(0.153)			(0.200)			(0.236)			(0.260)			(0.274)			(0.206)			(0.169)			(0.255)
_mother_edu3			0.216			0.0304			0.233			0.294**			0.0607			0.0151			-0.308			0.340**			-0.108			0.161			0.330**			-0.0436			-0.335**			0.209			0.0686			-0.176			0.240			-0.0170			0.0438			-0.384**			-0.346
			(0.154)			(0.132)			(0.161)			(0.133)			(0.156)			(0.159)			(0.237)			(0.148)			(0.160)			(0.138)			(0.144)			(0.153)			(0.158)			(0.163)			(0.213)			(0.244)			(0.272)			(0.281)			(0.232)			(0.186)			(0.269)
_mother_edu4			0.258*			0.168			0.372**			0.453***			0.161			0.0256			-0.297			0.470***			0.102			0.376***			0.458***			-0.110			-0.281*			0.142			0.366*			-0.113			0.398			0.247			-0.0699			-0.205			-0.251
			(0.152)			(0.130)			(0.160)			(0.134)			(0.156)			(0.159)			(0.240)			(0.145)			(0.157)			(0.135)			(0.139)			(0.149)			(0.154)			(0.157)			(0.200)			(0.224)			(0.256)			(0.248)			(0.206)			(0.179)			(0.250)
_mother_edu5			0.454***			0.336**			0.526***			0.717***			-0.120			-0.0516			-0.288			0.604***			0.207			0.390**			0.598***			-0.280			-0.364**			0.0457			0.354			0.181			0.778**			0.432			-0.332			-0.608***			-0.736***
			(0.164)			(0.151)			(0.172)			(0.154)			(0.177)			(0.176)			(0.257)			(0.163)			(0.179)			(0.162)			(0.165)			(0.182)			(0.180)			(0.191)			(0.266)			(0.299)			(0.333)			(0.348)			(0.268)			(0.234)			(0.268)
_inc1			-0.340***			-0.243***			-0.291***			-0.117			-0.0158			0.0900			-0.164			-0.286***			-0.310***			-0.507***			-0.195*			-0.113			0.0653			-0.130			-0.335**			-0.478**			-0.379**			-0.158			-0.00211			0.0586			-0.277
			(0.0849)			(0.0888)			(0.0901)			(0.0911)			(0.0974)			(0.0993)			(0.113)			(0.0990)			(0.109)			(0.101)			(0.0999)			(0.112)			(0.109)			(0.128)			(0.151)			(0.192)			(0.187)			(0.218)			(0.184)			(0.163)			(0.199)
_inc2			-0.284***			-0.161**			-0.226***			-0.0750			0.00543			0.141			-0.244**			-0.268***			-0.268***			-0.437***			-0.184**			0.0348			0.00825			-0.256**			-0.361**			-0.383**			-0.453**			-0.0367			0.203			0.0561			-0.113
			(0.0770)			(0.0811)			(0.0858)			(0.0924)			(0.0905)			(0.0878)			(0.103)			(0.0826)			(0.0943)			(0.0901)			(0.0903)			(0.102)			(0.0962)			(0.106)			(0.141)			(0.175)			(0.182)			(0.205)			(0.167)			(0.155)			(0.187)
_inc3			-0.160***			-0.135**			-0.0797			0.00581			0.117			0.0336			-0.110			-0.206***			-0.327***			-0.277***			-0.152*			0.0913			-0.0279			-0.0993			-0.170			-0.197			-0.168			-0.122			0.0109			-0.0132			-0.0563
			(0.0610)			(0.0579)			(0.0611)			(0.0659)			(0.0718)			(0.0689)			(0.0843)			(0.0679)			(0.0737)			(0.0740)			(0.0782)			(0.0849)			(0.0803)			(0.0941)			(0.136)			(0.161)			(0.164)			(0.173)			(0.158)			(0.153)			(0.198)
_inc4			-0.101**			-0.0965*			-0.0110			0.0306			0.109*			0.128**			-0.0270			-0.0318			-0.212***			-0.153**			-0.0791			0.0756			-0.0217			0.0137			-0.206			-0.280*			-0.249			-0.184			-0.117			-0.255*			0.0913
			(0.0477)			(0.0503)			(0.0488)			(0.0574)			(0.0615)			(0.0576)			(0.0664)			(0.0666)			(0.0695)			(0.0671)			(0.0746)			(0.0812)			(0.0745)			(0.0930)			(0.145)			(0.169)			(0.154)			(0.170)			(0.162)			(0.145)			(0.215)
Constant	14.80	14.26	12.13	15.40	15.03	13.23	1.488	1.151	0.0291	8.864	8.269	7.270	0.0867	-0.200	-0.191	7.069	6.736	6.983	-2.242	-2.748	-3.862	7.709	7.586	5.895	22.15	22.87	18.27	15.01	15.35	13.18	7.803	8.236	6.802	11.58	10.63	10.38	-10.80	-11.59	-12.18	3.195	3.788	6.170	22.50	23.70	28.33*	10.93	10.57	12.24	8.711	8.854	15.16	4.169	3.054	1.894	2.085	0.859	-2.401	-1.500	-1.817	-3.107	-5.708	-5.791	-2.658
	(9.730)	(9.723)	(9.584)	(10.00)	(10.01)	(9.861)	(7.067)	(6.986)	(7.169)	(9.258)	(9.255)	(9.185)	(7.547)	(7.543)	(7.529)	(7.417)	(7.405)	(7.424)	(7.333)	(7.271)	(7.233)	(8.894)	(8.960)	(8.864)	(14.57)	(14.60)	(14.17)	(9.750)	(9.743)	(9.820)	(8.868)	(8.915)	(8.706)	(12.38)	(12.46)	(12.14)	(10.91)	(11.01)	(10.99)	(12.44)	(12.62)	(12.43)	(15.88)	(15.79)	(15.26)	(25.13)	(24.76)	(23.89)	(19.67)	(19.42)	(18.57)	(26.90)	(27.53)	(27.00)	(20.18)	(20.19)	(20.24)	(16.20)	(16.29)	(15.47)	(23.76)	(23.76)	(23.89)
																																																															
Observations	3,184	3,184	3,184	2,990	2,990	2,990	2,949	2,949	2,949	2,980	2,980	2,980	3,032	3,032	3,032	3,032	3,032	3,032	3,032	3,032	3,032	2,279	2,279	2,279	2,122	2,122	2,122	2,087	2,087	2,087	2,111	2,111	2,111	2,152	2,152	2,152	2,152	2,152	2,152	2,152	2,152	2,152	946	946	946	851	851	851	840	840	840	846	846	846	868	868	868	868	868	868	868	868	868
R-squared	0.096	0.096	0.127	0.078	0.080	0.103	0.096	0.099	0.128	0.061	0.062	0.089	0.027	0.028	0.036	0.042	0.044	0.049				0.091	0.096	0.138	0.019	0.022	0.063	0.150	0.157	0.196	0.105	0.111	0.127	0.047	0.049	0.057	0.063	0.066	0.071	0.028	0.029	0.038	0.048	0.063	0.132	0.074	0.092	0.122	0.042	0.072	0.147				0.076	0.077	0.093	0.089	0.087	0.108	0.096	0.096	0.120
Robust standard errors in parentheses																																																															
*** p<0.01, ** p<0.05, * p<0.1																																																															
