	(1)	(2)	(3)	(4)	(5)	(6)	(7)	(8)	(9)	(10)	(11)	(12)	(13)	(14)	(15)	(16)	(17)	(18)	(19)	(20)	(21)	(22)	(23)	(24)	(25)	(26)	(27)	(28)	(29)	(30)	(31)	(32)	(33)	(34)	(35)	(36)	(37)	(38)	(39)	(40)	(41)	(42)	(43)	(44)	(45)	(46)	(47)	(48)	(49)	(50)	(51)	(52)	(53)	(54)	(55)	(56)	(57)	(58)	(59)	(60)	(61)	(62)	(63)
VARIABLES	ZQ_Verbal_Similarities	ZQ_Verbal_Similarities	ZQ_Verbal_Similarities	ZQ_Number_Skills	ZQ_Number_Skills	ZQ_Number_Skills	ZQ_Word_Reading	ZQ_Word_Reading	ZQ_Word_Reading	ZQ_Pattern_Construction	ZQ_Pattern_Construction	ZQ_Pattern_Construction	ZQ_Help_Reading_Freq	ZQ_Help_Reading_Freq	ZQ_Help_Reading_Freq	ZQ_Help_Writing_Freq	ZQ_Help_Writing_Freq	ZQ_Help_Writing_Freq	ZQ_Proactive_School_Selection	ZQ_Proactive_School_Selection	ZQ_Proactive_School_Selection	ZQ_Verbal_Similarities	ZQ_Verbal_Similarities	ZQ_Verbal_Similarities	ZQ_Number_Skills	ZQ_Number_Skills	ZQ_Number_Skills	ZQ_Word_Reading	ZQ_Word_Reading	ZQ_Word_Reading	ZQ_Pattern_Construction	ZQ_Pattern_Construction	ZQ_Pattern_Construction	ZQ_Help_Reading_Freq	ZQ_Help_Reading_Freq	ZQ_Help_Reading_Freq	ZQ_Help_Writing_Freq	ZQ_Help_Writing_Freq	ZQ_Help_Writing_Freq	ZQ_Proactive_School_Selection	ZQ_Proactive_School_Selection	ZQ_Proactive_School_Selection	ZQ_Verbal_Similarities	ZQ_Verbal_Similarities	ZQ_Verbal_Similarities	ZQ_Number_Skills	ZQ_Number_Skills	ZQ_Number_Skills	ZQ_Word_Reading	ZQ_Word_Reading	ZQ_Word_Reading	ZQ_Pattern_Construction	ZQ_Pattern_Construction	ZQ_Pattern_Construction	ZQ_Help_Reading_Freq	ZQ_Help_Reading_Freq	ZQ_Help_Reading_Freq	ZQ_Help_Writing_Freq	ZQ_Help_Writing_Freq	ZQ_Help_Writing_Freq	ZQ_Proactive_School_Selection	ZQ_Proactive_School_Selection	ZQ_Proactive_School_Selection
																																																															
fert	-0.169	-0.219	-0.199	-0.378	-0.391	-0.362	0.0861	0.0654	0.117	-0.802	-0.792	-0.788	-0.302	-0.319	-0.329	-0.717**	-0.734***	-0.783***	0.245	0.227	0.266	-0.569*	-0.514*	-0.480	-0.848**	-0.819**	-0.809**	-0.238	-0.154	-0.149	0.338	0.421	0.436	-0.576	-0.590	-0.608	-0.652	-0.677	-0.701	0.272	0.299	0.339	-0.366	-0.296	-0.362	0.136	0.166	0.145	-0.665***	-0.611***	-0.617***	-0.395	-0.391	-0.355	0.474**	0.442*	0.432*	0.232	0.214	0.251	-0.467***	-0.466***	-0.511***
	(0.232)	(0.244)	(0.274)	(0.323)	(0.330)	(0.327)	(0.220)	(0.223)	(0.227)	(0.594)	(0.589)	(0.608)	(0.264)	(0.262)	(0.271)	(0.285)	(0.266)	(0.275)	(0.334)	(0.326)	(0.345)	(0.295)	(0.298)	(0.304)	(0.362)	(0.357)	(0.360)	(0.447)	(0.413)	(0.401)	(0.451)	(0.558)	(0.611)	(0.411)	(0.453)	(0.500)	(0.491)	(0.538)	(0.568)	(0.575)	(0.602)	(0.605)	(0.258)	(0.267)	(0.261)	(0.240)	(0.240)	(0.252)	(0.245)	(0.221)	(0.226)	(0.441)	(0.464)	(0.476)	(0.228)	(0.229)	(0.242)	(0.349)	(0.322)	(0.333)	(0.133)	(0.131)	(0.160)
motherage	0.140	-0.0163	0.277	-0.0718	-0.185	0.0193	-0.174	-0.289	-0.0586	0.0539	-0.0730	0.184	0.340	0.343	0.388	0.232	0.249	0.239	-1.024	-1.105*	-0.827	-0.576	-0.819	-0.574	-1.056	-1.265	-0.928	-2.150*	-2.511**	-2.154**	1.126	0.801	1.286	0.448	0.426	0.378	1.646	1.732	1.503	-0.168	-0.221	-0.133	-2.742*	-2.657	-3.010*	-0.281	-1.843	-2.003	-0.788	-0.997	-1.203	-0.277	-0.620	-0.468	-0.645	-0.779	-0.711	-1.496	-1.329	-1.128	0.0543	-0.0241	-0.281
	(0.680)	(0.676)	(0.652)	(0.736)	(0.732)	(0.722)	(0.592)	(0.587)	(0.591)	(0.787)	(0.795)	(0.802)	(0.696)	(0.692)	(0.698)	(0.783)	(0.789)	(0.807)	(0.653)	(0.645)	(0.638)	(1.153)	(1.125)	(1.114)	(1.626)	(1.590)	(1.582)	(1.103)	(1.075)	(1.073)	(1.288)	(1.296)	(1.258)	(1.238)	(1.247)	(1.242)	(1.391)	(1.405)	(1.394)	(1.368)	(1.356)	(1.393)	(1.633)	(1.631)	(1.676)	(3.823)	(2.088)	(2.049)	(4.280)	(1.779)	(1.803)	(3.876)	(1.850)	(1.894)	(2.114)	(2.107)	(2.072)	(1.937)	(1.940)	(1.949)	(2.612)	(2.626)	(2.603)
motheragesq	-0.00533	-0.000113	-0.0116	-0.000637	0.00319	-0.00515	0.00521	0.00964	-0.000270	-0.00409	-0.000194	-0.0108	-0.0178	-0.0183	-0.0203	-0.0131	-0.0140	-0.0137	0.0375	0.0400*	0.0299	0.0170	0.0260	0.0161	0.0346	0.0428	0.0308	0.0770**	0.0900**	0.0761**	-0.0397	-0.0274	-0.0459	-0.0211	-0.0202	-0.0187	-0.0694	-0.0721	-0.0632	0.00125	0.00291	-0.000921	0.102*	0.0977	0.110*	0.0256	0.0843	0.0907	0.0268	0.0338	0.0393	0.0243	0.0386	0.0337	0.0199	0.0256	0.0229	0.0564	0.0503	0.0419	-0.0205	-0.0181	-0.0119
	(0.0241)	(0.0240)	(0.0233)	(0.0260)	(0.0259)	(0.0256)	(0.0211)	(0.0209)	(0.0209)	(0.0286)	(0.0289)	(0.0291)	(0.0252)	(0.0251)	(0.0253)	(0.0281)	(0.0282)	(0.0288)	(0.0239)	(0.0236)	(0.0236)	(0.0410)	(0.0400)	(0.0397)	(0.0571)	(0.0558)	(0.0554)	(0.0391)	(0.0382)	(0.0379)	(0.0460)	(0.0462)	(0.0447)	(0.0443)	(0.0446)	(0.0444)	(0.0495)	(0.0500)	(0.0497)	(0.0484)	(0.0481)	(0.0495)	(0.0617)	(0.0612)	(0.0629)	(0.462)	(0.0771)	(0.0756)	(0.489)	(0.0666)	(0.0672)	(0.455)	(0.0690)	(0.0704)	(0.0806)	(0.0801)	(0.0787)	(0.0718)	(0.0718)	(0.0730)	(0.0953)	(0.0961)	(0.0955)
motheragecub	5.40e-05	-4.67e-07	0.000137	5.26e-06	-3.45e-05	6.76e-05	-5.56e-05	-0.000106	2.12e-05	5.29e-05	1.58e-05	0.000149	0.000228	0.000237	0.000265	0.000166	0.000177	0.000173	-0.000433	-0.000458*	-0.000340	-0.000178	-0.000280	-0.000160	-0.000407	-0.000502	-0.000367	-0.000884**	-0.00103**	-0.000862**	0.000437	0.000296	0.000519	0.000280	0.000267	0.000244	0.000860	0.000884	0.000770	1.56e-05	-1.53e-06	5.30e-05	-0.00121	-0.00115	-0.00127*	-0.000425	-0.00113	-0.00120	-0.000229	-0.000305	-0.000342	-0.000421	-0.000603	-0.000547	-0.000250	-0.000324	-0.000287	-0.000737	-0.000668	-0.000561	0.000405	0.000382	0.000340
	(0.000269)	(0.000269)	(0.000263)	(0.000288)	(0.000288)	(0.000285)	(0.000237)	(0.000234)	(0.000234)	(0.000324)	(0.000328)	(0.000329)	(0.000285)	(0.000284)	(0.000286)	(0.000316)	(0.000317)	(0.000323)	(0.000273)	(0.000269)	(0.000271)	(0.000469)	(0.000458)	(0.000454)	(0.000644)	(0.000629)	(0.000624)	(0.000446)	(0.000435)	(0.000430)	(0.000522)	(0.000525)	(0.000506)	(0.000508)	(0.000511)	(0.000508)	(0.000570)	(0.000574)	(0.000571)	(0.000554)	(0.000551)	(0.000567)	(0.000747)	(0.000739)	(0.000762)	(0.000523)	(0.000924)	(0.000906)	(0.000507)	(0.000809)	(0.000815)	(0.000497)	(0.000832)	(0.000849)	(0.000997)	(0.000988)	(0.000971)	(0.000873)	(0.000869)	(0.000894)	(0.00114)	(0.00115)	(0.00114)
agefirstbirth	0.0196	0.0137	0.000879	0.00929	0.00483	-0.00521	0.0461***	0.0406***	0.0275**	-0.0213	-0.0242	-0.0345	-0.0311*	-0.0322*	-0.0317**	-0.0505***	-0.0492***	-0.0453***	0.0168	0.0162	0.0117	0.0105	0.00912	-0.00613	-0.00228	-0.00653	-0.0199	0.0426*	0.0387*	0.0186	0.0526**	0.0478*	0.0248	-0.0383*	-0.0372	-0.0335	-0.0517**	-0.0492*	-0.0397*	0.00749	0.00820	-0.00348	0.0140	0.0142	-0.0125	0.0389**	0.0334*	0.0159	0.00536	0.000249	-0.0128	-0.00357	-0.00854	-0.0233	0.0147	0.0120	0.00810	-0.0141	-0.00977	-0.00107	-0.0308*	-0.0366**	-0.0403**
	(0.0144)	(0.0150)	(0.0152)	(0.0194)	(0.0196)	(0.0179)	(0.0139)	(0.0139)	(0.0131)	(0.0351)	(0.0344)	(0.0324)	(0.0166)	(0.0165)	(0.0158)	(0.0177)	(0.0167)	(0.0160)	(0.0207)	(0.0201)	(0.0197)	(0.0163)	(0.0165)	(0.0133)	(0.0197)	(0.0190)	(0.0154)	(0.0235)	(0.0213)	(0.0162)	(0.0236)	(0.0286)	(0.0245)	(0.0215)	(0.0233)	(0.0205)	(0.0255)	(0.0275)	(0.0230)	(0.0295)	(0.0303)	(0.0239)	(0.0207)	(0.0210)	(0.0186)	(0.0180)	(0.0177)	(0.0170)	(0.0189)	(0.0175)	(0.0169)	(0.0313)	(0.0318)	(0.0282)	(0.0181)	(0.0178)	(0.0177)	(0.0242)	(0.0228)	(0.0211)	(0.0162)	(0.0168)	(0.0171)
miss_motherage	-0.209	-1.460	0.513	-3.526	-4.415	-2.523	-2.444	-3.120	-1.102	-1.132	-2.314	-0.256	-0.500	-0.622	0.317	0.420	0.336	0.678	-8.907	-9.634	-7.504	-6.944	-9.168	-7.183	-12.14	-13.76	-10.70	-19.58*	-22.86**	-19.82**	9.556	6.856	11.15	1.981	1.667	1.085	11.55	12.33	10.37	-2.864	-3.442	-2.761													-12.94	-13.99	-12.48	-20.50	-19.15	-17.54	-3.137	-4.093	-6.596
	(6.281)	(6.210)	(5.972)	(6.841)	(6.793)	(6.686)	(5.482)	(5.435)	(5.557)	(7.038)	(7.142)	(7.237)	(6.310)	(6.261)	(6.305)	(7.237)	(7.308)	(7.519)	(5.930)	(5.872)	(5.742)	(10.61)	(10.36)	(10.25)	(15.07)	(14.76)	(14.70)	(10.20)	(9.897)	(9.958)	(11.72)	(11.79)	(11.47)	(11.30)	(11.38)	(11.33)	(12.76)	(12.89)	(12.80)	(12.68)	(12.53)	(12.86)													(20.67)	(20.54)	(20.30)	(19.27)	(19.23)	(19.32)	(25.90)	(25.94)	(25.64)
miss_agefirstbirth	0.492	0.305	-0.0573	0.0233	-0.108	-0.394	1.346***	1.179**	0.779*	-1.020	-1.098	-1.385	-0.955*	-0.989*	-0.980*	-1.692***	-1.655***	-1.515***	0.674	0.650	0.531	0.0630	0.0525	-0.332	-0.368	-0.462	-0.787*	1.063	1.004	0.453	1.336*	1.250	0.592	-0.904	-0.884	-0.760	-1.263*	-1.224	-0.929	0.501	0.528	0.220	0.316	0.416	-0.177	0.785*	0.711	0.344	-0.0681	-0.105	-0.455	-0.167	-0.251	-0.560	0.725	0.658	0.659	0.200	0.261	0.462	-0.574	-0.671	-0.780*
	(0.494)	(0.515)	(0.520)	(0.677)	(0.684)	(0.621)	(0.481)	(0.481)	(0.450)	(1.232)	(1.209)	(1.135)	(0.570)	(0.565)	(0.537)	(0.611)	(0.573)	(0.543)	(0.718)	(0.698)	(0.676)	(0.487)	(0.491)	(0.396)	(0.587)	(0.569)	(0.462)	(0.706)	(0.642)	(0.489)	(0.704)	(0.855)	(0.732)	(0.640)	(0.697)	(0.614)	(0.760)	(0.823)	(0.689)	(0.884)	(0.913)	(0.719)	(0.546)	(0.546)	(0.494)	(0.472)	(0.459)	(0.439)	(0.523)	(0.473)	(0.463)	(0.816)	(0.818)	(0.732)	(0.501)	(0.493)	(0.487)	(0.673)	(0.629)	(0.593)	(0.405)	(0.413)	(0.417)
height		0.229	0.0443		0.402	0.300		0.301	0.0391		0.0628	-0.00141		0.352	0.365		0.515	0.693		-0.0234	-0.114		0.249	0.150		0.846	0.807		0.314	0.126		0.722*	0.507		0.352	0.435		0.443	0.637		-0.202	-0.313		-0.961*	-1.035*		0.289	0.211		-0.322	-0.425		0.784	0.592		0.356	0.304		-0.220	-0.167		0.0358	-0.0184
		(0.320)	(0.323)		(0.364)	(0.356)		(0.290)	(0.276)		(0.383)	(0.407)		(0.380)	(0.384)		(0.415)	(0.421)		(0.356)	(0.358)		(0.434)	(0.452)		(0.526)	(0.530)		(0.384)	(0.399)		(0.437)	(0.488)		(0.521)	(0.572)		(0.554)	(0.605)		(0.505)	(0.554)		(0.572)	(0.569)		(0.618)	(0.583)		(0.623)	(0.615)		(0.699)	(0.628)		(0.696)	(0.662)		(0.677)	(0.658)		(0.692)	(0.723)
daily_cig_before_preg		-0.00722**	-0.00126		-0.00806**	-0.00343		-0.0108***	-0.00342		-0.00865**	-0.00446		0.00148	0.00131		0.00877**	0.00525		0.000276	0.00358		-0.00921**	-0.00575		-0.00849*	-0.00656		-0.0162***	-0.0103***		-0.0163***	-0.00858**		0.00539	0.00446		0.00959*	0.00584		-0.00264	0.000821		-0.0141**	-0.0102		-0.0139**	-0.00874		-0.0140**	-0.00883		-0.0108*	-0.00654		-0.00144	-0.00144		0.00842	0.00632		-0.00668	-0.00592
		(0.00325)	(0.00321)		(0.00351)	(0.00353)		(0.00313)	(0.00312)		(0.00401)	(0.00390)		(0.00382)	(0.00397)		(0.00430)	(0.00441)		(0.00389)	(0.00392)		(0.00425)	(0.00412)		(0.00497)	(0.00473)		(0.00410)	(0.00356)		(0.00476)	(0.00430)		(0.00504)	(0.00476)		(0.00543)	(0.00508)		(0.00540)	(0.00451)		(0.00600)	(0.00625)		(0.00579)	(0.00563)		(0.00577)	(0.00580)		(0.00558)	(0.00573)		(0.00639)	(0.00623)		(0.00582)	(0.00608)		(0.00605)	(0.00655)
weekly_alcohol_b_preg		-0.00746**	-0.00749**		-0.00563	-0.00449		-0.00277	-0.00217		-0.00779*	-0.00741*		-0.00159	-0.00186		-0.00240	-0.00309		-0.00475	-0.00466		-0.000337	-0.000459		-0.000186	-0.000489		-0.00366	-0.00415		-0.00258	-0.00247		0.00166	0.00189		0.000199	0.000876		-0.00222	-0.00255		0.00137	0.00330		-0.00747	-0.00891*		0.00389	0.00301		-0.00507	-0.00643		-0.00237	-0.00310		-0.00420	-0.00393		0.00928	0.00862
		(0.00318)	(0.00328)		(0.00365)	(0.00355)		(0.00304)	(0.00300)		(0.00440)	(0.00433)		(0.00375)	(0.00378)		(0.00467)	(0.00479)		(0.00405)	(0.00398)		(0.00444)	(0.00443)		(0.00509)	(0.00517)		(0.00475)	(0.00486)		(0.00452)	(0.00430)		(0.00535)	(0.00534)		(0.00591)	(0.00604)		(0.00526)	(0.00521)		(0.00447)	(0.00458)		(0.00501)	(0.00509)		(0.00528)	(0.00591)		(0.00538)	(0.00558)		(0.00572)	(0.00553)		(0.00646)	(0.00656)		(0.00699)	(0.00684)
complications_during_preg		0.00967	0.00584		-0.0355	-0.0401		-0.0110	-0.0238		-0.0283	-0.0302		-0.0939*	-0.0907*		0.0337	0.0442		0.0350	0.0396		0.0179	0.00171		0.0209	0.0276		-0.0880	-0.0943*		0.0240	-0.00317		0.0234	0.0388		0.0705	0.0809		-0.0181	-0.0145		0.0480	0.0104		0.0420	0.0253		-0.0992	-0.100		0.0661	0.0398		0.119	0.0892		0.0933	0.0867		-0.0697	-0.0461
		(0.0483)	(0.0466)		(0.0511)	(0.0500)		(0.0453)	(0.0444)		(0.0572)	(0.0567)		(0.0551)	(0.0549)		(0.0603)	(0.0604)		(0.0539)	(0.0537)		(0.0601)	(0.0580)		(0.0705)	(0.0709)		(0.0560)	(0.0570)		(0.0603)	(0.0603)		(0.0659)	(0.0677)		(0.0694)	(0.0710)		(0.0702)	(0.0713)		(0.0919)	(0.0879)		(0.0906)	(0.0907)		(0.0953)	(0.0949)		(0.0998)	(0.0951)		(0.0992)	(0.0989)		(0.0978)	(0.0974)		(0.112)	(0.113)
miss_height		-0.221	-0.438		0.217	0.185		-0.358	-0.628		0.0823	0.0532		0.529	0.547		1.175	1.431*		-0.377	-0.581		0.102	0.00358		1.423	1.390		0.174	-0.0786		1.100	0.832		0.347	0.498		0.684	1.017		-0.486	-0.664		-1.922*	-2.004**		0.304	0.170		-0.750	-0.922		0.945	0.691		0.557	0.520		-0.0896	-0.00112		0.0472	-0.0390
		(0.610)	(0.620)		(0.657)	(0.656)		(0.532)	(0.521)		(0.808)	(0.882)		(0.676)	(0.687)		(0.742)	(0.759)		(0.623)	(0.645)		(0.789)	(0.816)		(0.899)	(0.903)		(0.683)	(0.696)		(0.793)	(0.876)		(0.917)	(1.001)		(1.004)	(1.084)		(0.927)	(0.997)		(0.986)	(0.972)		(1.034)	(0.977)		(1.067)	(1.043)		(1.212)	(1.096)		(1.164)	(1.110)		(1.161)	(1.123)		(1.195)	(1.225)
miss_daily_cig_before_preg		-0.634***	-0.812***		-0.182	-0.301		0.795***	0.565***		-0.588**	-0.682***		-1.491***	-1.519***		-1.746***	-1.615***		-0.564**	-0.656**		-0.0577	0.0564		-0.249	-0.0885		-0.133	-0.00162		-0.961**	-0.861*		0.577	0.551		0.228	0.195		0.278	0.285		0.164	0.245		-0.792	-0.681		0.194	0.239		-1.322**	-1.333***		0.322	0.325		0.335	0.225		0.653***	0.708**
		(0.196)	(0.188)		(0.356)	(0.299)		(0.174)	(0.161)		(0.274)	(0.232)		(0.197)	(0.193)		(0.224)	(0.225)		(0.272)	(0.265)		(0.369)	(0.391)		(0.460)	(0.478)		(0.208)	(0.276)		(0.480)	(0.466)		(0.397)	(0.380)		(0.412)	(0.332)		(0.213)	(0.229)		(0.392)	(0.408)		(0.539)	(0.625)		(0.311)	(0.350)		(0.520)	(0.474)		(0.408)	(0.455)		(0.536)	(0.561)		(0.249)	(0.307)
miss_weekly_alcohol_b_preg		-0.0798	0.354		-0.340	-0.213		-1.337***	-0.962***		-0.0299	0.250		2.316***	2.208***		2.495***	2.133***		0.713**	1.075***																																										
		(0.289)	(0.332)		(0.560)	(0.587)		(0.355)	(0.347)		(0.671)	(0.736)		(0.405)	(0.451)		(0.594)	(0.556)		(0.344)	(0.350)																																										
_mother_edu1			-0.575***			-0.692***			-0.559***			-0.629***			0.121			-0.0448			-0.157			-0.560***			-0.315			-0.400**			-0.512**			0.184			0.108			-0.224			-0.545			-0.585			-0.127			-0.929***			-0.302			0.452			0.347
			(0.129)			(0.141)			(0.113)			(0.147)			(0.157)			(0.159)			(0.187)			(0.180)			(0.207)			(0.181)			(0.222)			(0.235)			(0.239)			(0.257)			(0.361)			(0.366)			(0.335)			(0.353)			(0.340)			(0.291)			(0.318)
_mother_edu2			-0.536***			-0.626***			-0.299**			-0.575***			0.0932			-0.167			-0.225			-0.602***			-0.489***			-0.350**			-0.525***			0.133			0.00374			-0.0377			-0.696**			-0.579			0.0225			-0.859***			-0.157			0.562*			0.567*
			(0.147)			(0.156)			(0.127)			(0.197)			(0.180)			(0.176)			(0.196)			(0.154)			(0.174)			(0.148)			(0.166)			(0.203)			(0.197)			(0.195)			(0.352)			(0.369)			(0.336)			(0.321)			(0.346)			(0.294)			(0.330)
_mother_edu3			-0.513***			-0.431***			-0.200*			-0.525***			0.0365			-0.268*			-0.279			-0.441***			-0.339**			-0.196			-0.180			-0.0724			-0.128			-0.144			-0.488			-0.536			0.00577			-0.816***			-0.298			0.425*			0.406
			(0.123)			(0.132)			(0.104)			(0.175)			(0.154)			(0.145)			(0.187)			(0.133)			(0.137)			(0.124)			(0.138)			(0.179)			(0.160)			(0.174)			(0.345)			(0.350)			(0.324)			(0.307)			(0.326)			(0.259)			(0.314)
_mother_edu4			-0.451***			-0.364**			-0.163			-0.459**			-0.0200			-0.252			-0.250			-0.337**			-0.373***			-0.243*			-0.162			0.126			0.000841			-0.000327			-0.333			-0.510			0.0701			-0.940***			-0.256			0.392			0.450
			(0.135)			(0.145)			(0.116)			(0.205)			(0.168)			(0.156)			(0.196)			(0.137)			(0.134)			(0.131)			(0.138)			(0.180)			(0.163)			(0.184)			(0.349)			(0.336)			(0.318)			(0.307)			(0.324)			(0.257)			(0.315)
_mother_edu5			-0.278***			-0.242**			-0.0602			-0.248*			0.0656			-0.161			-0.119			-0.264**			-0.162			-0.116			-0.109			-0.00621			0.0286			0.0510			-0.0729			-0.432			0.0940			-0.781***			-0.232			0.523**			0.410
			(0.104)			(0.111)			(0.0872)			(0.131)			(0.140)			(0.127)			(0.166)			(0.125)			(0.119)			(0.114)			(0.121)			(0.167)			(0.150)			(0.166)			(0.343)			(0.325)			(0.311)			(0.302)			(0.313)			(0.244)			(0.313)
_mother_edu7			-0.776***			-0.218			-0.162			-0.685***			-0.388*			-0.449*			0.00733			-0.554**			-0.0986			-0.250			-0.605**			0.00431			0.118			0.0253			-0.337			-0.115			0.234			-1.180***			-0.348			0.111			0.828**
			(0.211)			(0.194)			(0.172)			(0.203)			(0.216)			(0.245)			(0.277)			(0.238)			(0.242)			(0.233)			(0.266)			(0.303)			(0.294)			(0.342)			(0.370)			(0.407)			(0.398)			(0.378)			(0.366)			(0.316)			(0.382)
_inc1			0.379			-0.357			-0.0934			0.282			-0.658***			-0.700***			0.569			-0.364			-0.245			0.0761			0.664			-0.887**			-1.048***			0.664			-0.0168			0.514			0.865			-0.316			-1.155**			0.0903			-0.406
			(0.370)			(0.386)			(0.232)			(0.385)			(0.205)			(0.167)			(0.526)			(0.312)			(0.435)			(0.337)			(0.454)			(0.375)			(0.245)			(0.677)			(0.374)			(0.361)			(0.609)			(0.526)			(0.475)			(0.471)			(0.484)
_inc2			-0.333***			-0.120			-0.440***			-0.114			0.0273			0.374***			-0.179			-0.150			-0.00575			-0.338**			-0.377*			0.0177			0.418*			-0.154			-0.0757			-0.371**			-0.129			-0.348			-0.122			0.231			0.00538
			(0.106)			(0.133)			(0.0965)			(0.200)			(0.120)			(0.139)			(0.125)			(0.146)			(0.166)			(0.162)			(0.229)			(0.208)			(0.227)			(0.226)			(0.187)			(0.189)			(0.197)			(0.263)			(0.213)			(0.208)			(0.233)
_inc3			-0.197**			-0.0993			-0.331***			-0.123			-0.0312			0.239**			-0.176			-0.156			-0.0858			-0.230**			-0.284**			0.0694			0.314**			-0.225			-0.0895			-0.153			-0.164			-0.195			0.128			0.243			-0.120
			(0.0935)			(0.107)			(0.0860)			(0.151)			(0.106)			(0.112)			(0.112)			(0.124)			(0.121)			(0.112)			(0.138)			(0.141)			(0.144)			(0.148)			(0.165)			(0.147)			(0.168)			(0.172)			(0.188)			(0.156)			(0.211)
_inc4			-0.0471			-0.149**			-0.168***			-0.0667			0.0891			0.165*			-0.0314			-0.175*			-0.110			-0.106			-0.0913			0.0577			0.219**			-0.178			-0.147			-0.00414			0.109			-0.0503			-0.0962			0.130			-0.120
			(0.0761)			(0.0708)			(0.0620)			(0.0830)			(0.0861)			(0.0903)			(0.0878)			(0.0971)			(0.0967)			(0.0867)			(0.0863)			(0.104)			(0.102)			(0.111)			(0.169)			(0.175)			(0.190)			(0.173)			(0.192)			(0.167)			(0.231)
_inc6			0.0520			-0.0233			-0.0106			-0.109			0.0362			-0.0337			0.0840			0.0120			0.228**			0.167**			0.110			0.0258			0.0267			-0.00285			0.358			0.0851			0.228			0.0570			0.0291			0.0583			0.0805
			(0.0666)			(0.0712)			(0.0610)			(0.0887)			(0.0860)			(0.0862)			(0.0884)			(0.0948)			(0.0960)			(0.0798)			(0.101)			(0.117)			(0.109)			(0.135)			(0.218)			(0.227)			(0.208)			(0.230)			(0.236)			(0.220)			(0.328)
Constant	0.528	1.962	0.815	4.101	4.750	3.436	0.129	0.732	0.140	6.196	7.530	6.313	2.998	2.740	2.236	5.499	4.616	4.352	7.168	8.089	6.068	6.614	8.221	6.919	12.93	13.28	11.11	17.11*	19.53**	17.77*	-10.62	-9.603	-12.34	-0.733	-0.965	-0.169	-8.082	-9.549	-8.142	1.464	2.234	1.946	26.99*	27.35*	30.53*	-3.754**	-4.307*	-2.965	0.714	0.945	1.495	1.616	0.503	2.283	10.15	10.84	10.54	19.27	18.11	15.40	5.413	6.448	9.302
	(6.332)	(6.260)	(6.065)	(6.875)	(6.839)	(6.635)	(5.377)	(5.378)	(5.492)	(7.480)	(7.649)	(7.661)	(6.276)	(6.273)	(6.256)	(7.022)	(7.115)	(7.300)	(6.241)	(6.201)	(5.965)	(9.946)	(9.683)	(9.561)	(14.02)	(13.64)	(13.57)	(9.855)	(9.432)	(9.415)	(12.38)	(11.56)	(11.38)	(11.97)	(12.00)	(12.04)	(13.92)	(13.98)	(13.86)	(14.09)	(13.75)	(14.05)	(15.45)	(15.53)	(16.13)	(1.813)	(2.275)	(2.083)	(1.946)	(2.141)	(1.931)	(3.496)	(4.348)	(3.795)	(20.69)	(20.51)	(20.26)	(19.46)	(19.24)	(19.39)	(25.85)	(25.78)	(25.58)
																																																															
Observations	2,249	2,249	2,249	2,110	2,110	2,110	2,081	2,081	2,081	2,103	2,103	2,103	2,134	2,134	2,134	2,134	2,134	2,134	2,134	2,134	2,134	1,677	1,677	1,677	1,559	1,559	1,559	1,538	1,538	1,538	1,553	1,553	1,553	1,579	1,579	1,579	1,579	1,579	1,579	1,579	1,579	1,579	779	779	779	697	697	697	685	685	685	691	691	691	707	707	707	707	707	707	707	707	707
R-squared	0.099	0.102	0.146	0.019	0.022	0.064	0.124	0.146	0.195				0.006	0.005	0.010				0.021	0.027	0.035		0.028	0.066				0.154	0.186	0.223	0.050	0.032	0.083							0.008	0.003	0.009	0.100	0.136	0.156	0.139	0.154	0.191	0.004	0.057	0.077	0.019	0.048	0.099				0.087	0.100	0.102	0.045	0.052	0.049
Robust standard errors in parentheses																																																															
*** p<0.01, ** p<0.05, * p<0.1																																																															
