	(1)	(2)	(3)	(4)	(5)	(6)	(7)	(8)	(9)	(10)	(11)	(12)	(13)	(14)	(15)	(16)	(17)	(18)	(19)	(20)	(21)	(22)	(23)	(24)	(25)	(26)	(27)	(28)	(29)	(30)	(31)	(32)	(33)	(34)	(35)	(36)	(37)	(38)	(39)	(40)	(41)	(42)	(43)	(44)	(45)	(46)	(47)	(48)	(49)	(50)	(51)	(52)	(53)	(54)	(55)	(56)	(57)	(58)	(59)	(60)	(61)	(62)	(63)
VARIABLES	ZQ_Verbal_Similarities	ZQ_Verbal_Similarities	ZQ_Verbal_Similarities	ZQ_Number_Skills	ZQ_Number_Skills	ZQ_Number_Skills	ZQ_Word_Reading	ZQ_Word_Reading	ZQ_Word_Reading	ZQ_Pattern_Construction	ZQ_Pattern_Construction	ZQ_Pattern_Construction	ZQ_Help_Reading_Freq	ZQ_Help_Reading_Freq	ZQ_Help_Reading_Freq	ZQ_Help_Writing_Freq	ZQ_Help_Writing_Freq	ZQ_Help_Writing_Freq	ZQ_Proactive_School_Selection	ZQ_Proactive_School_Selection	ZQ_Proactive_School_Selection	ZQ_Verbal_Similarities	ZQ_Verbal_Similarities	ZQ_Verbal_Similarities	ZQ_Number_Skills	ZQ_Number_Skills	ZQ_Number_Skills	ZQ_Word_Reading	ZQ_Word_Reading	ZQ_Word_Reading	ZQ_Pattern_Construction	ZQ_Pattern_Construction	ZQ_Pattern_Construction	ZQ_Help_Reading_Freq	ZQ_Help_Reading_Freq	ZQ_Help_Reading_Freq	ZQ_Help_Writing_Freq	ZQ_Help_Writing_Freq	ZQ_Help_Writing_Freq	ZQ_Proactive_School_Selection	ZQ_Proactive_School_Selection	ZQ_Proactive_School_Selection	ZQ_Verbal_Similarities	ZQ_Verbal_Similarities	ZQ_Verbal_Similarities	ZQ_Number_Skills	ZQ_Number_Skills	ZQ_Number_Skills	ZQ_Word_Reading	ZQ_Word_Reading	ZQ_Word_Reading	ZQ_Pattern_Construction	ZQ_Pattern_Construction	ZQ_Pattern_Construction	ZQ_Help_Reading_Freq	ZQ_Help_Reading_Freq	ZQ_Help_Reading_Freq	ZQ_Help_Writing_Freq	ZQ_Help_Writing_Freq	ZQ_Help_Writing_Freq	ZQ_Proactive_School_Selection	ZQ_Proactive_School_Selection	ZQ_Proactive_School_Selection
																																																															
fert	0.0544	0.0515	0.128	-0.0539	-0.0338	-0.0146	-0.237*	-0.210	-0.173	-0.360	-0.384*	-0.343	-0.113	-0.0588	-0.0559	-0.0827	-0.0689	-0.0693	0.313	0.301	0.363	-0.438	-0.532	-0.408	-0.467**	-0.461**	-0.219	-0.591**	-0.688**	-0.505	-0.316	-0.406	-0.284	0.607	0.474	0.343	0.347	0.232	0.249	-0.448	-0.375	-0.427	-0.0659	-0.0472	-0.0842	0.169	0.175	0.170	-0.281	-0.243	-0.387	0.138	0.165	0.172	0.335	0.347	0.254	0.458	0.428	0.445*	-0.148	-0.122	-0.0922
	(0.193)	(0.191)	(0.188)	(0.154)	(0.151)	(0.161)	(0.135)	(0.138)	(0.154)	(0.230)	(0.218)	(0.212)	(0.188)	(0.183)	(0.171)	(0.204)	(0.204)	(0.197)	(0.412)	(0.404)	(0.441)	(0.333)	(0.323)	(0.285)	(0.236)	(0.234)	(0.258)	(0.265)	(0.280)	(0.362)	(0.339)	(0.333)	(0.283)	(0.598)	(0.558)	(0.552)	(0.788)	(0.741)	(0.736)	(0.291)	(0.284)	(0.314)	(0.328)	(0.346)	(0.303)	(0.238)	(0.245)	(0.249)	(0.487)	(0.485)	(0.434)	(0.375)	(0.383)	(0.394)	(0.290)	(0.296)	(0.218)	(0.285)	(0.261)	(0.250)	(0.176)	(0.168)	(0.148)
motherage	0.120	0.426	0.654	-0.707	-0.368	-0.329	-1.954	-1.651	-1.550	1.453	1.778	1.678	-0.0797	-0.210	0.0628	0.815	0.568	0.780	-0.307	0.0541	-0.122	-0.709	-0.395	-0.364	0.946	0.956	0.809	-1.557	-1.560	-1.724	2.530	2.695	2.786	-2.116	-2.039	-2.127	1.720	1.773	1.929	-1.926	-1.964	-2.035	-2.489	-1.692	-1.858	4.417*	4.725**	5.133**	-1.398	-1.273	-2.428	7.452***	7.714***	7.726***	-2.213	-1.810	-1.996	0.790	1.211	1.297	0.872	1.108	0.918
	(1.528)	(1.539)	(1.447)	(1.786)	(1.745)	(1.645)	(1.490)	(1.506)	(1.496)	(1.679)	(1.687)	(1.670)	(1.701)	(1.717)	(1.572)	(1.550)	(1.543)	(1.513)	(2.120)	(2.084)	(2.055)	(1.439)	(1.474)	(1.369)	(1.896)	(1.899)	(1.743)	(1.841)	(1.873)	(1.795)	(1.818)	(1.896)	(1.785)	(2.012)	(1.966)	(1.866)	(1.574)	(1.580)	(1.535)	(2.114)	(2.160)	(2.136)	(1.653)	(1.683)	(1.704)	(2.359)	(2.366)	(2.342)	(2.266)	(2.233)	(2.050)	(2.527)	(2.460)	(2.407)	(2.425)	(2.364)	(2.275)	(2.219)	(2.215)	(2.203)	(3.316)	(3.134)	(3.151)
motheragesq	-0.0218	-0.0329	-0.0403	0.0297	0.0184	0.0163	0.0637	0.0534	0.0485	-0.0505	-0.0617	-0.0580	-0.00112	0.00255	-0.00886	-0.0293	-0.0215	-0.0295	-0.00643	-0.0191	-0.0126	0.0167	0.00551	0.00343	-0.0242	-0.0245	-0.0203	0.0511	0.0511	0.0549	-0.0888	-0.0948	-0.0971	0.0667	0.0640	0.0661	-0.0681	-0.0701	-0.0753	0.0607	0.0618	0.0650	0.100*	0.0734	0.0788	-0.149*	-0.159*	-0.177**	0.0464	0.0433	0.0849	-0.253***	-0.262***	-0.265***	0.0826	0.0681	0.0712	-0.0290	-0.0450	-0.0490	-0.0351	-0.0443	-0.0398
	(0.0545)	(0.0550)	(0.0519)	(0.0622)	(0.0609)	(0.0575)	(0.0542)	(0.0544)	(0.0541)	(0.0586)	(0.0589)	(0.0582)	(0.0592)	(0.0594)	(0.0550)	(0.0553)	(0.0549)	(0.0540)	(0.0790)	(0.0777)	(0.0765)	(0.0506)	(0.0517)	(0.0482)	(0.0660)	(0.0661)	(0.0606)	(0.0672)	(0.0680)	(0.0651)	(0.0640)	(0.0666)	(0.0626)	(0.0702)	(0.0687)	(0.0655)	(0.0571)	(0.0572)	(0.0561)	(0.0749)	(0.0762)	(0.0751)	(0.0597)	(0.0605)	(0.0621)	(0.0839)	(0.0840)	(0.0823)	(0.0800)	(0.0790)	(0.0727)	(0.0887)	(0.0868)	(0.0853)	(0.0837)	(0.0821)	(0.0789)	(0.0783)	(0.0779)	(0.0777)	(0.113)	(0.107)	(0.109)
motheragecub	0.000436	0.000564	0.000650	-0.000360	-0.000239	-0.000197	-0.000656	-0.000541	-0.000463	0.000559	0.000683	0.000643	4.99e-05	1.31e-05	0.000164	0.000328	0.000245	0.000339	0.000237	0.000378	0.000302	-6.28e-05	6.96e-05	0.000106	0.000195	0.000200	0.000157	-0.000542	-0.000536	-0.000559	0.00105	0.00113	0.00115	-0.000697	-0.000662	-0.000666	0.000850	0.000876	0.000930	-0.000586	-0.000603	-0.000646	-0.00117*	-0.000876	-0.000928	0.00163*	0.00176*	0.00198**	-0.000509	-0.000475	-0.000971	0.00285***	0.00295***	0.00300***	-0.00101	-0.000833	-0.000822	0.000328	0.000527	0.000573	0.000446	0.000564	0.000527
	(0.000637)	(0.000644)	(0.000611)	(0.000710)	(0.000695)	(0.000657)	(0.000640)	(0.000640)	(0.000636)	(0.000667)	(0.000670)	(0.000661)	(0.000674)	(0.000673)	(0.000630)	(0.000644)	(0.000638)	(0.000630)	(0.000950)	(0.000936)	(0.000922)	(0.000580)	(0.000590)	(0.000554)	(0.000750)	(0.000751)	(0.000687)	(0.000795)	(0.000801)	(0.000767)	(0.000733)	(0.000760)	(0.000714)	(0.000798)	(0.000783)	(0.000751)	(0.000666)	(0.000665)	(0.000658)	(0.000862)	(0.000874)	(0.000860)	(0.000704)	(0.000713)	(0.000739)	(0.000973)	(0.000973)	(0.000947)	(0.000927)	(0.000917)	(0.000845)	(0.00102)	(0.00100)	(0.000988)	(0.000948)	(0.000936)	(0.000902)	(0.000902)	(0.000895)	(0.000896)	(0.00126)	(0.00120)	(0.00122)
agefirstbirth	0.0487***	0.0436**	0.0342**	0.0216	0.0174	0.00454	0.0313**	0.0247*	0.0112	0.00595	0.00358	-0.00172	-0.00414	-0.00201	-0.00319	-0.00459	-0.00191	0.000757	0.0220	0.0205	0.0235	0.0178	0.0110	0.00145	0.00239	0.00247	0.00191	0.0270*	0.0150	0.00507	0.0103	0.00307	0.000381	0.0363	0.0272	0.0174	0.0139	0.0101	0.0119	-0.0190	-0.00676	-0.00852	0.0281	0.0258	0.0108	0.0255	0.0194	0.0102	0.0487**	0.0384*	0.0104	0.0363*	0.0321	0.0284	0.00453	-0.000374	-0.00486	-0.000423	0.00249	0.00384	-0.0216	-0.0220*	-0.0218*
	(0.0169)	(0.0170)	(0.0159)	(0.0141)	(0.0145)	(0.0140)	(0.0132)	(0.0138)	(0.0139)	(0.0191)	(0.0193)	(0.0173)	(0.0157)	(0.0162)	(0.0142)	(0.0169)	(0.0177)	(0.0158)	(0.0327)	(0.0335)	(0.0331)	(0.0218)	(0.0208)	(0.0176)	(0.0142)	(0.0142)	(0.0142)	(0.0160)	(0.0168)	(0.0192)	(0.0209)	(0.0206)	(0.0170)	(0.0331)	(0.0290)	(0.0267)	(0.0432)	(0.0378)	(0.0349)	(0.0184)	(0.0170)	(0.0170)	(0.0195)	(0.0195)	(0.0186)	(0.0166)	(0.0179)	(0.0184)	(0.0220)	(0.0220)	(0.0200)	(0.0193)	(0.0200)	(0.0199)	(0.0170)	(0.0175)	(0.0161)	(0.0180)	(0.0181)	(0.0183)	(0.0137)	(0.0131)	(0.0125)
height		1.173**	0.955**		0.451	0.124		0.918*	0.586		1.161**	1.015*		-0.175	-0.168		-0.230	-0.164		1.278**	1.452**		0.641	0.287		-0.0689	-0.258		0.522	0.232		0.418	0.198		1.020*	0.971*		1.033**	1.095**		-0.298	-0.245		1.354*	0.996		1.392*	1.389*		1.538**	1.345**		1.190	1.133		1.144	0.981		0.429	0.389		0.765	0.693
		(0.466)	(0.457)		(0.506)	(0.495)		(0.492)	(0.476)		(0.546)	(0.535)		(0.503)	(0.489)		(0.476)	(0.474)		(0.572)	(0.571)		(0.504)	(0.480)		(0.532)	(0.502)		(0.534)	(0.524)		(0.527)	(0.502)		(0.541)	(0.534)		(0.519)	(0.538)		(0.499)	(0.502)		(0.722)	(0.691)		(0.797)	(0.776)		(0.676)	(0.625)		(0.760)	(0.759)		(0.742)	(0.714)		(0.691)	(0.700)		(0.733)	(0.722)
daily_cig_before_preg		-0.00484	0.00218		-0.00748*	0.000287		-0.0125**	-0.00338		0.00314	0.00724		-0.00575	-0.00654		0.000613	-0.00219		0.00285	0.00327		-0.00130	0.00499		-0.000449	0.00342		-0.0114**	-0.00519		-0.00136	0.000318		-0.000127	0.00168		0.00543	0.00450		0.0127**	0.0137**		0.00476	0.0111*		0.00149	0.00644		-0.00658	0.00140		-0.000165	0.00216		0.000639	0.00372		0.0104	0.00973		0.00187	0.00204
		(0.00451)	(0.00469)		(0.00451)	(0.00454)		(0.00503)	(0.00518)		(0.00512)	(0.00543)		(0.00459)	(0.00480)		(0.00458)	(0.00500)		(0.00574)	(0.00699)		(0.00537)	(0.00519)		(0.00530)	(0.00484)		(0.00553)	(0.00513)		(0.00522)	(0.00512)		(0.00532)	(0.00476)		(0.00541)	(0.00459)		(0.00573)	(0.00577)		(0.00622)	(0.00616)		(0.00659)	(0.00672)		(0.00629)	(0.00641)		(0.00609)	(0.00621)		(0.00628)	(0.00610)		(0.00662)	(0.00670)		(0.00673)	(0.00630)
weekly_alcohol_b_preg		0.00374	0.00505		0.000288	0.00104		0.00545	0.00717		0.000293	0.000417		-0.0129**	-0.0132**		-0.00481	-0.00577		-0.00541	-0.00395		0.00831**	0.00733**		0.000946	-0.000641		0.000106	-0.00102		0.00637	0.00536		-0.00755**	-0.00606*		-0.00431	-0.00432		0.00249	0.00224		0.00108	0.00218		-0.0112*	-0.0126**		-0.0125**	-0.0137**		-0.00662	-0.00715		-0.00922	-0.00613		-0.00367	-0.00329		-0.00711	-0.00556
		(0.00540)	(0.00546)		(0.00559)	(0.00545)		(0.00592)	(0.00584)		(0.00751)	(0.00745)		(0.00560)	(0.00547)		(0.00486)	(0.00489)		(0.00571)	(0.00587)		(0.00362)	(0.00349)		(0.00381)	(0.00374)		(0.00383)	(0.00360)		(0.00403)	(0.00395)		(0.00365)	(0.00331)		(0.00344)	(0.00348)		(0.00570)	(0.00547)		(0.00513)	(0.00485)		(0.00591)	(0.00561)		(0.00635)	(0.00602)		(0.00953)	(0.00944)		(0.00574)	(0.00542)		(0.00453)	(0.00479)		(0.00472)	(0.00472)
complications_during_preg		-0.0148	-0.00668		-0.127**	-0.110*		-0.0252	-0.00237		-0.0369	-0.0325		0.134**	0.129**		0.154**	0.152**		-0.0228	-0.0260		0.00827	0.00222		-0.0114	-0.0109		0.0206	0.0242		-0.0937	-0.103		0.0146	0.0150		0.102	0.103		0.0652	0.0631		-0.175*	-0.167*		-0.0815	-0.0754		-0.0165	-0.0367		0.00150	-0.0132		-0.0379	-0.0174		-0.0807	-0.0940		0.0883	0.0896
		(0.0611)	(0.0602)		(0.0646)	(0.0628)		(0.0674)	(0.0648)		(0.0704)	(0.0691)		(0.0666)	(0.0653)		(0.0649)	(0.0640)		(0.0795)	(0.0803)		(0.0713)	(0.0674)		(0.0753)	(0.0721)		(0.0791)	(0.0771)		(0.0814)	(0.0771)		(0.0860)	(0.0835)		(0.0908)	(0.0893)		(0.0750)	(0.0744)		(0.105)	(0.0999)		(0.112)	(0.109)		(0.105)	(0.0996)		(0.110)	(0.110)		(0.104)	(0.101)		(0.102)	(0.102)		(0.0994)	(0.0963)
_mother_edu1			-0.321			-0.348			-0.00642			0.213			0.143			0.166			-0.0425			-0.0865			-0.0687			0.128			0.174			-0.225			-0.129			0.263			0.0135			-0.0566			0.387			0.157			-0.441*			-0.0613			-0.195
			(0.252)			(0.215)			(0.279)			(0.228)			(0.219)			(0.229)			(0.326)			(0.195)			(0.233)			(0.254)			(0.251)			(0.237)			(0.292)			(0.185)			(0.307)			(0.283)			(0.292)			(0.302)			(0.249)			(0.299)			(0.276)
_mother_edu2			0.0270			0.0676			0.252			0.302*			-0.238			-0.150			-0.0321			0.302*			0.307			0.301			0.205			-0.240			-0.235			0.246			0.290			0.238			0.501*			0.230			-0.286			-0.148			-0.212
			(0.218)			(0.176)			(0.239)			(0.183)			(0.195)			(0.196)			(0.274)			(0.173)			(0.212)			(0.227)			(0.230)			(0.206)			(0.258)			(0.155)			(0.274)			(0.255)			(0.262)			(0.291)			(0.237)			(0.266)			(0.231)
_mother_edu3			0.243			-0.0500			0.288			0.436**			-0.201			-0.144			0.310			0.487***			0.218			0.337			0.284			-0.0170			-0.269			0.387**			0.484			0.269			0.837***			0.120			0.209			-0.190			-0.333
			(0.222)			(0.184)			(0.245)			(0.188)			(0.205)			(0.207)			(0.286)			(0.181)			(0.213)			(0.224)			(0.233)			(0.205)			(0.251)			(0.162)			(0.296)			(0.261)			(0.268)			(0.290)			(0.260)			(0.277)			(0.236)
_mother_edu4			0.182			0.295			0.561**			0.484**			-0.0516			-0.159			-0.115			0.617***			0.437**			0.634***			0.551**			-0.113			-0.287			0.196			0.515**			0.0555			0.802***			0.237			-0.141			-0.0931			-0.210
			(0.226)			(0.181)			(0.243)			(0.194)			(0.204)			(0.205)			(0.300)			(0.176)			(0.207)			(0.219)			(0.227)			(0.184)			(0.219)			(0.158)			(0.261)			(0.262)			(0.235)			(0.268)			(0.240)			(0.267)			(0.226)
_mother_edu5			0.242			0.341			0.508*			0.641***			-0.435*			-0.268			-0.141			0.473**			0.248			0.453			0.704***			-0.282			-0.318			0.315			0.459			-0.0156			1.179***			-0.175			-0.691*			-0.624			-0.629**
			(0.235)			(0.223)			(0.265)			(0.220)			(0.237)			(0.226)			(0.301)			(0.202)			(0.262)			(0.276)			(0.269)			(0.246)			(0.258)			(0.233)			(0.324)			(0.365)			(0.389)			(0.359)			(0.414)			(0.408)			(0.265)
_inc1			-0.425***			-0.352**			-0.488***			-0.101			-0.0858			-0.0111			-0.0466			-0.225			-0.374**			-0.475**			0.107			-0.0233			-0.0692			0.0715			-0.441**			-0.794***			-0.797***			-0.323			0.0873			-0.103			-0.200
			(0.135)			(0.142)			(0.148)			(0.160)			(0.138)			(0.138)			(0.230)			(0.163)			(0.155)			(0.200)			(0.177)			(0.229)			(0.271)			(0.171)			(0.195)			(0.228)			(0.255)			(0.255)			(0.240)			(0.235)			(0.231)
_inc2			-0.429***			-0.365***			-0.302**			-0.217			0.211			0.166			-0.171			-0.302**			-0.347***			-0.373**			0.0158			0.0973			-0.0956			-0.0467			-0.439**			-0.871***			-0.875***			-0.335			0.327			-0.0730			0.0437
			(0.126)			(0.129)			(0.129)			(0.157)			(0.134)			(0.134)			(0.204)			(0.126)			(0.131)			(0.164)			(0.152)			(0.188)			(0.216)			(0.144)			(0.197)			(0.214)			(0.245)			(0.247)			(0.223)			(0.226)			(0.216)
_inc3			-0.199**			-0.215**			-0.0641			-0.150			0.258**			0.0865			-0.0317			-0.236**			-0.428***			-0.303**			-0.0839			0.219*			-0.0762			0.00967			-0.118			-0.570***			-0.701***			-0.137			0.387*			-2.16e-05			0.0863
			(0.0988)			(0.100)			(0.0992)			(0.108)			(0.104)			(0.0989)			(0.126)			(0.108)			(0.108)			(0.124)			(0.121)			(0.125)			(0.120)			(0.124)			(0.194)			(0.189)			(0.206)			(0.213)			(0.223)			(0.218)			(0.216)
_inc4			-0.172**			-0.197**			-0.227**			-0.143			0.200**			0.145			0.0401			-0.130			-0.273***			-0.284**			-0.0447			0.121			-0.0312			0.105			-0.232			-0.645***			-0.590***			-0.271			0.113			-0.106			0.101
			(0.0846)			(0.0960)			(0.0952)			(0.101)			(0.100)			(0.0888)			(0.119)			(0.100)			(0.102)			(0.113)			(0.115)			(0.118)			(0.109)			(0.128)			(0.208)			(0.246)			(0.218)			(0.209)			(0.227)			(0.215)			(0.227)
Constant	-1.385	-6.187	-8.879	3.982	0.376	1.188	19.95	15.95	16.26	-8.837	-13.12	-12.58	-0.612	0.696	-0.724	-8.679	-6.196	-7.659	6.447	1.668	2.724	4.557	0.551	0.0511	-5.975	-5.991	-5.345	15.48	15.25	17.27	-19.78	-21.34	-22.64	16.22	14.84	16.87	-14.57	-15.91	-17.32	20.33	20.52	21.04	20.08	10.69	13.86	-44.00*	-48.97**	-51.15**	17.04	12.78	26.58	-77.96***	-82.63***	-81.12***	14.83	9.622	12.88	-9.130	-12.98	-13.32	-6.293	-9.506	-7.064
	(15.76)	(15.88)	(15.00)	(15.35)	(15.05)	(14.21)	(12.54)	(12.76)	(12.63)	(14.60)	(14.68)	(14.50)	(14.73)	(14.95)	(13.53)	(13.33)	(13.26)	(12.91)	(18.15)	(17.72)	(17.48)	(14.53)	(14.95)	(13.96)	(16.72)	(16.78)	(15.44)	(15.75)	(16.13)	(15.56)	(16.08)	(16.88)	(15.77)	(18.53)	(18.22)	(17.10)	(15.52)	(15.83)	(14.88)	(18.60)	(19.10)	(18.91)	(14.53)	(14.94)	(15.01)	(22.62)	(22.69)	(22.98)	(21.72)	(21.35)	(19.92)	(24.49)	(23.90)	(23.45)	(21.33)	(20.70)	(20.09)	(19.12)	(19.36)	(19.37)	(29.38)	(27.60)	(27.66)
																																																															
Observations	1,251	1,251	1,251	1,165	1,165	1,165	1,150	1,150	1,150	1,159	1,159	1,159	1,187	1,187	1,187	1,187	1,187	1,187	1,187	1,187	1,187	1,227	1,227	1,227	1,134	1,134	1,134	1,114	1,114	1,114	1,124	1,124	1,124	1,158	1,158	1,158	1,158	1,158	1,158	1,158	1,158	1,158	558	558	558	500	500	500	497	497	497	500	500	500	515	515	515	515	515	515	515	515	515
R-squared	0.122	0.129	0.154	0.096	0.104	0.151	0.126	0.139	0.189	0.028	0.024	0.061	0.066	0.083	0.117	0.089	0.097	0.110	0.017	0.027	0.025	0.055	0.022	0.122	0.021	0.024	0.135	0.070	0.034	0.151	0.040	0.015	0.077			0.037	0.028	0.072	0.072	0.009	0.038	0.033	0.164	0.177	0.219	0.147	0.159	0.201	0.250	0.268	0.335	0.142	0.148	0.160	0.070	0.077	0.156	0.051	0.071	0.074	0.156	0.167	0.188
Robust standard errors in parentheses																																																															
*** p<0.01, ** p<0.05, * p<0.1																																																															
