	(1)	(2)	(3)	(4)	(5)	(6)	(7)	(8)	(9)	(10)	(11)	(12)	(13)	(14)	(15)	(16)	(17)	(18)	(19)	(20)	(21)	(22)	(23)	(24)	(25)	(26)	(27)	(28)	(29)	(30)	(31)	(32)	(33)	(34)	(35)	(36)	(37)	(38)	(39)	(40)	(41)	(42)	(43)	(44)	(45)	(46)	(47)	(48)	(49)	(50)	(51)	(52)	(53)	(54)	(55)	(56)	(57)	(58)	(59)	(60)	(61)	(62)	(63)
VARIABLES	ZQ_Verbal_Similarities	ZQ_Verbal_Similarities	ZQ_Verbal_Similarities	ZQ_Number_Skills	ZQ_Number_Skills	ZQ_Number_Skills	ZQ_Word_Reading	ZQ_Word_Reading	ZQ_Word_Reading	ZQ_Pattern_Construction	ZQ_Pattern_Construction	ZQ_Pattern_Construction	ZQ_Help_Reading_Freq	ZQ_Help_Reading_Freq	ZQ_Help_Reading_Freq	ZQ_Help_Writing_Freq	ZQ_Help_Writing_Freq	ZQ_Help_Writing_Freq	ZQ_Proactive_School_Selection	ZQ_Proactive_School_Selection	ZQ_Proactive_School_Selection	ZQ_Verbal_Similarities	ZQ_Verbal_Similarities	ZQ_Verbal_Similarities	ZQ_Number_Skills	ZQ_Number_Skills	ZQ_Number_Skills	ZQ_Word_Reading	ZQ_Word_Reading	ZQ_Word_Reading	ZQ_Pattern_Construction	ZQ_Pattern_Construction	ZQ_Pattern_Construction	ZQ_Help_Reading_Freq	ZQ_Help_Reading_Freq	ZQ_Help_Reading_Freq	ZQ_Help_Writing_Freq	ZQ_Help_Writing_Freq	ZQ_Help_Writing_Freq	ZQ_Proactive_School_Selection	ZQ_Proactive_School_Selection	ZQ_Proactive_School_Selection	ZQ_Verbal_Similarities	ZQ_Verbal_Similarities	ZQ_Verbal_Similarities	ZQ_Number_Skills	ZQ_Number_Skills	ZQ_Number_Skills	ZQ_Word_Reading	ZQ_Word_Reading	ZQ_Word_Reading	ZQ_Pattern_Construction	ZQ_Pattern_Construction	ZQ_Pattern_Construction	ZQ_Help_Reading_Freq	ZQ_Help_Reading_Freq	ZQ_Help_Reading_Freq	ZQ_Help_Writing_Freq	ZQ_Help_Writing_Freq	ZQ_Help_Writing_Freq	ZQ_Proactive_School_Selection	ZQ_Proactive_School_Selection	ZQ_Proactive_School_Selection
																																																															
fert	-0.379**	-0.380**	-0.355**	-0.188	-0.177	-0.184	0.0492	0.0575	0.0617	-0.440*	-0.418*	-0.426*	-0.0267	-0.0456	-0.0408	-0.434**	-0.463***	-0.459***	0.278	0.288	0.334	-0.706***	-0.655***	-0.612***	-0.880***	-0.837***	-0.840***	0.117	0.175	0.240	-0.0384	0.0307	0.0864	0.0194	0.0173	0.0504	-0.153	-0.164	-0.165	0.348	0.364	0.451	-0.330	-0.286	-0.314	-0.0263	0.139	0.345	-0.423	-0.251	-0.103	-1.403***	-1.534***	-1.560**	0.531*	0.628*	0.573	-0.281	-0.412*	-0.557*	-0.631**	-0.637*	-0.727*
	(0.181)	(0.174)	(0.181)	(0.173)	(0.170)	(0.182)	(0.247)	(0.244)	(0.245)	(0.236)	(0.233)	(0.244)	(0.252)	(0.250)	(0.251)	(0.179)	(0.172)	(0.172)	(0.378)	(0.377)	(0.387)	(0.238)	(0.229)	(0.233)	(0.215)	(0.225)	(0.256)	(0.278)	(0.245)	(0.214)	(0.207)	(0.188)	(0.174)	(0.310)	(0.319)	(0.315)	(0.160)	(0.155)	(0.174)	(0.540)	(0.553)	(0.576)	(0.390)	(0.431)	(0.455)	(0.297)	(0.328)	(0.427)	(0.432)	(0.543)	(0.609)	(0.416)	(0.500)	(0.655)	(0.323)	(0.358)	(0.400)	(0.186)	(0.246)	(0.297)	(0.286)	(0.366)	(0.412)
motherage	-0.594	-0.530	-0.102	-0.0462	-0.0234	0.199	0.162	0.154	0.465	-0.930	-0.916	-0.637	-0.182	-0.280	-0.438	-2.076*	-2.145*	-2.175*	-0.231	-0.167	0.283	-1.876	-2.046	-1.553	-3.477	-3.600	-2.918	-4.871***	-5.161***	-4.492***	-2.504*	-2.738*	-2.291	1.363	1.456	1.942	1.669	1.737	1.663	0.0561	0.0221	-0.0411	-5.527**	-5.982**	-6.008**	-6.613**	-6.765**	-6.561**	-0.770	-1.076	-1.136	-6.780**	-7.710**	-7.700**	5.026*	5.416*	5.275*	0.698	0.462	0.743	1.919	1.789	0.999
	(1.291)	(1.289)	(1.298)	(1.313)	(1.305)	(1.323)	(1.105)	(1.103)	(1.105)	(1.376)	(1.367)	(1.392)	(1.326)	(1.317)	(1.319)	(1.248)	(1.239)	(1.269)	(1.310)	(1.313)	(1.271)	(1.745)	(1.697)	(1.696)	(2.479)	(2.429)	(2.412)	(1.490)	(1.457)	(1.472)	(1.486)	(1.437)	(1.447)	(1.891)	(1.902)	(1.827)	(1.718)	(1.721)	(1.700)	(1.913)	(1.917)	(1.934)	(2.646)	(2.757)	(2.670)	(2.779)	(2.710)	(2.643)	(1.971)	(2.013)	(1.859)	(3.073)	(3.344)	(3.515)	(3.008)	(3.102)	(3.124)	(2.242)	(2.223)	(2.325)	(4.090)	(4.166)	(4.264)
motheragesq	0.0269	0.0242	0.00692	-0.00178	-0.00320	-0.0126	0.000794	0.000636	-0.0126	0.0362	0.0346	0.0222	0.00220	0.00616	0.0117	0.0743	0.0779*	0.0789	0.0130	0.0103	-0.00668	0.0743	0.0809	0.0609	0.127	0.131	0.105	0.186***	0.196***	0.170***	0.0927*	0.101*	0.0838	-0.0503	-0.0533	-0.0723	-0.0632	-0.0656	-0.0636	-0.00418	-0.00302	-0.00201	0.211**	0.228**	0.228**	0.251**	0.256**	0.250***	0.0288	0.0382	0.0392	0.282**	0.320**	0.316**	-0.221*	-0.237**	-0.238**	-0.0248	-0.0139	-0.0318	-0.0928	-0.0882	-0.0537
	(0.0483)	(0.0482)	(0.0485)	(0.0470)	(0.0468)	(0.0474)	(0.0399)	(0.0397)	(0.0399)	(0.0504)	(0.0501)	(0.0507)	(0.0497)	(0.0494)	(0.0495)	(0.0475)	(0.0471)	(0.0482)	(0.0476)	(0.0477)	(0.0465)	(0.0637)	(0.0618)	(0.0621)	(0.0881)	(0.0863)	(0.0857)	(0.0549)	(0.0537)	(0.0543)	(0.0552)	(0.0533)	(0.0538)	(0.0711)	(0.0714)	(0.0686)	(0.0641)	(0.0641)	(0.0635)	(0.0692)	(0.0694)	(0.0697)	(0.0958)	(0.100)	(0.0967)	(0.103)	(0.101)	(0.0969)	(0.0728)	(0.0749)	(0.0694)	(0.115)	(0.126)	(0.133)	(0.114)	(0.118)	(0.119)	(0.0848)	(0.0843)	(0.0902)	(0.146)	(0.149)	(0.152)
motheragecub	-0.000388	-0.000349	-0.000135	4.30e-05	6.94e-05	0.000188	-7.77e-05	-6.78e-05	0.000101	-0.000432	-0.000400	-0.000239	-2.25e-05	-7.37e-05	-0.000135	-0.000886	-0.000943	-0.000952	-0.000172	-0.000135	6.88e-05	-0.00100	-0.00107	-0.000819	-0.00154	-0.00159	-0.00126	-0.00226***	-0.00237***	-0.00204***	-0.00112*	-0.00122*	-0.000998	0.000540	0.000572	0.000804	0.000674	0.000700	0.000683	7.84e-05	6.46e-05	6.74e-05	-0.00259**	-0.00277**	-0.00276**	-0.00297**	-0.00300**	-0.00297**	-0.000207	-0.000298	-0.000307	-0.00360***	-0.00407***	-0.00398**	0.00291**	0.00311**	0.00320**	0.000186	4.50e-05	0.000349	0.00138	0.00133	0.000855
	(0.000589)	(0.000588)	(0.000590)	(0.000548)	(0.000546)	(0.000552)	(0.000469)	(0.000467)	(0.000469)	(0.000601)	(0.000596)	(0.000602)	(0.000605)	(0.000603)	(0.000603)	(0.000585)	(0.000580)	(0.000593)	(0.000560)	(0.000563)	(0.000551)	(0.000762)	(0.000739)	(0.000747)	(0.00102)	(0.00100)	(0.000995)	(0.000660)	(0.000646)	(0.000652)	(0.000664)	(0.000639)	(0.000645)	(0.000872)	(0.000873)	(0.000840)	(0.000781)	(0.000780)	(0.000774)	(0.000816)	(0.000819)	(0.000819)	(0.00112)	(0.00118)	(0.00113)	(0.00124)	(0.00122)	(0.00116)	(0.000873)	(0.000907)	(0.000839)	(0.00139)	(0.00153)	(0.00161)	(0.00140)	(0.00145)	(0.00148)	(0.00105)	(0.00104)	(0.00114)	(0.00170)	(0.00174)	(0.00178)
agefirstbirth	-0.00154	-0.000906	-0.00683	0.0234	0.0223	0.0197	0.0175	0.0160	0.0118	0.0159	0.0145	0.0144	0.00682	0.00490	0.00991	-0.0226	-0.0227	-0.0176	-0.0250*	-0.0243	-0.0321*	0.0348***	0.0305***	0.0215*	0.0408***	0.0377***	0.0277**	0.0567***	0.0521***	0.0360***	0.0332***	0.0271***	0.0168	0.0170	0.0162	0.0116	0.00268	0.00398	0.00182	0.00273	0.00367	-0.00706	0.0378**	0.0329*	0.0136	0.0440***	0.0403***	0.0331**	0.0326*	0.0282	0.0247	-0.00277	-0.0112	-0.00845	-0.00646	-0.00287	-0.000154	-0.0280**	-0.0290**	-0.0202	0.00825	0.00617	0.000435
	(0.0197)	(0.0199)	(0.0196)	(0.0191)	(0.0187)	(0.0185)	(0.0185)	(0.0183)	(0.0178)	(0.0226)	(0.0218)	(0.0217)	(0.0263)	(0.0268)	(0.0263)	(0.0275)	(0.0272)	(0.0274)	(0.0148)	(0.0149)	(0.0164)	(0.0116)	(0.0118)	(0.0116)	(0.0132)	(0.0136)	(0.0131)	(0.0110)	(0.0112)	(0.0109)	(0.0104)	(0.0104)	(0.0104)	(0.0132)	(0.0133)	(0.0136)	(0.0124)	(0.0127)	(0.0129)	(0.0123)	(0.0125)	(0.0125)	(0.0173)	(0.0180)	(0.0161)	(0.0150)	(0.0153)	(0.0161)	(0.0168)	(0.0182)	(0.0176)	(0.0192)	(0.0211)	(0.0223)	(0.0143)	(0.0155)	(0.0161)	(0.0134)	(0.0145)	(0.0156)	(0.0186)	(0.0193)	(0.0207)
height		0.220	0.142		0.367	0.348		0.123	0.0772		-0.305	-0.337		0.894*	0.916**		0.905*	0.940**		5.56e-05	-0.112		0.107	0.0924		-0.417	-0.429		-0.246	-0.333		-0.261	-0.285		0.530	0.558		-0.0241	-0.0245		-0.357	-0.456		-0.0117	-0.150		0.0535	-0.146		0.116	-0.0932		1.653	1.828		-0.655	-0.297		0.702	0.904		-0.140	-0.176
		(0.382)	(0.364)		(0.413)	(0.399)		(0.333)	(0.324)		(0.399)	(0.397)		(0.472)	(0.465)		(0.467)	(0.465)		(0.490)	(0.485)		(0.481)	(0.478)		(0.563)	(0.550)		(0.453)	(0.449)		(0.444)	(0.440)		(0.559)	(0.549)		(0.524)	(0.519)		(0.605)	(0.605)		(0.726)	(0.726)		(0.801)	(0.797)		(0.864)	(0.877)		(1.137)	(1.215)		(0.860)	(0.862)		(0.874)	(0.885)		(1.136)	(1.136)
daily_cig_before_preg		-0.000504	0.00509		-0.00591	-0.00187		-0.00742**	-0.00211		-0.00858**	-0.00295		-0.000879	-0.000529		0.00594	0.00442		-0.00134	0.00288		-0.0125**	-0.0105**		-0.0119**	-0.0103*		-0.0161***	-0.0103**		-0.0213***	-0.0174***		0.000215	0.00400		0.00384	0.00474		-0.00142	0.00186		-0.0198**	-0.0121		-0.0300***	-0.0217***		-0.0266***	-0.0159*		-0.0210*	-0.0229*		0.00139	-0.00144		0.00810	-0.000385		-0.00290	-0.00308
		(0.00438)	(0.00431)		(0.00430)	(0.00447)		(0.00367)	(0.00376)		(0.00430)	(0.00450)		(0.00492)	(0.00505)		(0.00534)	(0.00545)		(0.00419)	(0.00421)		(0.00518)	(0.00512)		(0.00532)	(0.00534)		(0.00481)	(0.00472)		(0.00438)	(0.00448)		(0.00574)	(0.00566)		(0.00583)	(0.00601)		(0.00572)	(0.00569)		(0.00855)	(0.00923)		(0.00751)	(0.00840)		(0.00761)	(0.00887)		(0.0118)	(0.0138)		(0.00987)	(0.00955)		(0.00977)	(0.0100)		(0.00911)	(0.0102)
weekly_alcohol_b_preg		-0.00777**	-0.00703*		-0.00556	-0.00472		-0.00261	-0.00141		-0.00456	-0.00360		0.00338	0.00297		0.00503	0.00417		-0.00498	-0.00396		0.00318	0.00255		0.00392	0.00307		-0.0121**	-0.0125***		-0.00215	-0.00222		0.00276	0.00269		0.00435	0.00427		-0.00355	-0.00411		0.00741	0.0120*		-0.00329	-0.00624		-0.000404	-0.00178		0.00917	0.00738		-0.00968	-0.0101		0.00372	0.00463		0.00987	0.00967
		(0.00390)	(0.00411)		(0.00426)	(0.00407)		(0.00350)	(0.00343)		(0.00422)	(0.00399)		(0.00387)	(0.00391)		(0.00510)	(0.00506)		(0.00345)	(0.00346)		(0.00613)	(0.00607)		(0.00629)	(0.00655)		(0.00473)	(0.00441)		(0.00428)	(0.00402)		(0.00599)	(0.00565)		(0.00578)	(0.00598)		(0.00785)	(0.00782)		(0.00677)	(0.00694)		(0.00648)	(0.00694)		(0.00729)	(0.00784)		(0.0138)	(0.0151)		(0.00944)	(0.00888)		(0.0124)	(0.0135)		(0.0114)	(0.0111)
complications_during_preg		0.0503	0.0472		-0.0511	-0.0399		-0.0123	-0.00541		-0.0554	-0.0472		-0.121*	-0.129**		0.000709	0.00333		0.0540	0.0566		-0.00158	-0.0173		0.0347	0.0560		-0.130**	-0.141**		-0.000860	-0.0172		0.0668	0.0574		0.0510	0.0619		0.0259	0.0308		-0.0109	-0.0413		0.0740	0.0574		-0.135	-0.149		0.125	0.128		0.0586	0.0502		-0.0235	-0.0167		-0.0720	-0.0235
		(0.0572)	(0.0553)		(0.0552)	(0.0541)		(0.0524)	(0.0511)		(0.0585)	(0.0581)		(0.0639)	(0.0632)		(0.0645)	(0.0642)		(0.0680)	(0.0678)		(0.0701)	(0.0680)		(0.0752)	(0.0750)		(0.0638)	(0.0634)		(0.0608)	(0.0612)		(0.0760)	(0.0760)		(0.0730)	(0.0735)		(0.0870)	(0.0899)		(0.0960)	(0.0949)		(0.103)	(0.107)		(0.0960)	(0.0984)		(0.146)	(0.150)		(0.114)	(0.110)		(0.116)	(0.116)		(0.134)	(0.134)
_mother_edu1			0.0146			-0.268			-0.162			0.0572			0.658***			0.370			-0.416			0.0914			-0.237			0.109			0.0819			0.539***			0.123			-0.200			-0.337			-0.338			0.0431			0.525			0.803***			0.620**			-0.380
			(0.245)			(0.209)			(0.202)			(0.166)			(0.194)			(0.258)			(0.306)			(0.262)			(0.237)			(0.215)			(0.172)			(0.191)			(0.205)			(0.290)			(0.248)			(0.273)			(0.275)			(0.391)			(0.270)			(0.282)			(0.369)
_mother_edu2			0.0216			-0.105			-0.0758			0.0907			0.605***			0.251			-0.396			0.196			-0.272			0.214			0.290*			0.388**			-0.0542			-0.210			-0.0242			-0.258			0.115			0.313			0.416**			0.310			-0.378
			(0.233)			(0.190)			(0.178)			(0.153)			(0.167)			(0.243)			(0.294)			(0.259)			(0.205)			(0.198)			(0.153)			(0.169)			(0.178)			(0.287)			(0.222)			(0.236)			(0.262)			(0.378)			(0.209)			(0.233)			(0.349)
_mother_edu3			0.109			0.0493			0.0973			0.232			0.535***			0.209			-0.392			0.289			-0.244			0.243			0.342**			0.571***			0.0631			-0.0664			0.191			-0.289			0.206			0.0924			0.389*			0.0535			-0.309
			(0.237)			(0.194)			(0.189)			(0.164)			(0.177)			(0.244)			(0.295)			(0.264)			(0.209)			(0.201)			(0.161)			(0.180)			(0.185)			(0.293)			(0.239)			(0.257)			(0.283)			(0.377)			(0.217)			(0.244)			(0.377)
_mother_edu4			0.244			0.111			0.161			0.446***			0.612***			0.323			-0.257			0.317			-0.0267			0.343*			0.356**			0.363**			0.0923			-0.0344			0.351			-0.165			0.257			0.110			0.370			0.202			-0.490
			(0.233)			(0.186)			(0.178)			(0.158)			(0.167)			(0.244)			(0.294)			(0.262)			(0.202)			(0.194)			(0.149)			(0.171)			(0.178)			(0.293)			(0.253)			(0.280)			(0.303)			(0.389)			(0.228)			(0.248)			(0.376)
_mother_edu5			0.555**			0.360*			0.244			0.638***			0.374*			0.375			-0.194			0.610**			0.112			0.477**			0.431**			0.411*			0.0520			-0.103			0.381			0.392			0.331			0.837			0.578			-0.465			-1.057**
			(0.249)			(0.207)			(0.195)			(0.180)			(0.212)			(0.268)			(0.334)			(0.287)			(0.229)			(0.221)			(0.184)			(0.228)			(0.219)			(0.342)			(0.391)			(0.432)			(0.418)			(0.546)			(0.404)			(0.322)			(0.529)
_inc1			-0.454***			-0.00555			-0.200*			-0.0428			-0.137			0.173			-0.325**			-0.109			-0.142			-0.531***			-0.320**			-0.491***			-0.0107			-0.175			-0.274			-0.349			-0.214			-0.274			-0.402*			0.111			-0.188
			(0.117)			(0.121)			(0.111)			(0.137)			(0.136)			(0.148)			(0.134)			(0.143)			(0.154)			(0.125)			(0.130)			(0.157)			(0.151)			(0.198)			(0.227)			(0.214)			(0.193)			(0.300)			(0.222)			(0.266)			(0.331)
_inc2			-0.341***			-0.0196			-0.209**			-0.0944			-0.111			0.186			-0.312***			-0.121			-0.141			-0.449***			-0.330***			-0.172			-0.0452			-0.376**			-0.345*			-0.0728			-0.187			-0.144			-0.232			0.0164			-0.290
			(0.106)			(0.105)			(0.0972)			(0.131)			(0.120)			(0.120)			(0.119)			(0.123)			(0.130)			(0.109)			(0.122)			(0.140)			(0.127)			(0.158)			(0.198)			(0.203)			(0.189)			(0.268)			(0.213)			(0.248)			(0.308)
_inc3			-0.129			-0.0278			-0.0903			0.0762			-0.0282			0.0416			-0.147			-0.125			-0.283***			-0.191**			-0.208**			-0.0977			-0.0278			-0.200			-0.229			0.129			0.249			-0.119			-0.445**			-0.126			-0.176
			(0.0908)			(0.0818)			(0.0815)			(0.0993)			(0.106)			(0.104)			(0.129)			(0.105)			(0.108)			(0.0957)			(0.104)			(0.118)			(0.116)			(0.151)			(0.204)			(0.231)			(0.208)			(0.285)			(0.224)			(0.265)			(0.320)
_inc4			-0.0819			0.0247			0.0392			0.131			-0.0207			0.0468			-0.0820			-0.0449			-0.217**			-0.124			-0.146			-0.00191			-0.0294			-0.0243			-0.375*			0.0814			0.0124			-0.211			-0.449*			-0.439*			0.0402
			(0.0679)			(0.0674)			(0.0638)			(0.0835)			(0.0900)			(0.0870)			(0.0945)			(0.100)			(0.0985)			(0.0814)			(0.0936)			(0.115)			(0.103)			(0.142)			(0.225)			(0.226)			(0.204)			(0.286)			(0.234)			(0.253)			(0.358)
Constant	9.953	8.358	4.541	0.812	0.202	-1.527	-3.457	-3.512	-5.894	8.168	8.589	6.114	0.434	0.114	0.686	20.72**	19.88*	19.55*	0.257	-0.349	-3.449	14.68	15.82	11.95	30.88	32.39	27.57	36.72***	39.39***	34.42***	19.61	21.75*	18.29	-12.24	-13.91	-17.90	-10.26	-10.80	-10.05	-2.098	-1.374	-0.353	46.09**	49.77**	51.11**	53.64**	54.70**	52.53**	0.0630	2.195	3.340	55.34**	59.45**	58.46*	-32.76	-34.70	-34.00	2.457	2.959	1.052	-14.96	-13.31	-5.338
	(15.51)	(15.44)	(15.51)	(11.22)	(11.17)	(11.31)	(9.628)	(9.568)	(9.527)	(11.65)	(11.58)	(11.77)	(11.22)	(11.08)	(11.05)	(10.29)	(10.23)	(10.43)	(11.76)	(11.61)	(11.23)	(14.59)	(14.22)	(14.13)	(20.87)	(20.52)	(20.35)	(12.36)	(12.11)	(12.20)	(12.25)	(11.99)	(12.05)	(15.49)	(15.66)	(15.03)	(14.15)	(14.21)	(13.99)	(16.22)	(16.23)	(16.47)	(22.64)	(23.57)	(22.94)	(23.51)	(22.74)	(22.39)	(17.52)	(17.92)	(16.51)	(27.84)	(29.79)	(31.33)	(26.45)	(27.23)	(27.58)	(20.49)	(19.99)	(20.65)	(38.66)	(38.72)	(39.67)
																																																															
Observations	1,556	1,556	1,556	1,476	1,476	1,476	1,455	1,455	1,455	1,471	1,471	1,471	1,490	1,490	1,490	1,490	1,490	1,490	1,490	1,490	1,490	1,097	1,097	1,097	1,032	1,032	1,032	1,017	1,017	1,017	1,028	1,028	1,028	1,042	1,042	1,042	1,042	1,042	1,042	1,042	1,042	1,042	445	445	445	401	401	401	393	393	393	397	397	397	404	404	404	404	404	404	404	404	404
R-squared	0.035	0.038	0.088	0.059	0.066	0.086	0.112	0.116	0.146	0.009	0.023	0.054	0.047	0.054	0.064	0.026	0.024	0.031	0.026	0.026	0.034	0.002	0.034	0.068				0.175	0.188	0.212	0.133	0.155	0.174	0.086	0.089	0.117	0.123	0.125	0.129	0.031	0.030	0.034	0.164	0.187	0.232	0.202	0.245	0.268	0.206	0.270	0.319				0.129	0.107	0.164	0.125	0.109	0.123	0.128	0.131	0.126
Robust standard errors in parentheses																																																															
*** p<0.01, ** p<0.05, * p<0.1																																																															
