	(1)	(2)	(3)	(4)	(5)	(6)	(7)	(8)	(9)	(10)	(11)	(12)	(13)	(14)	(15)	(16)	(17)	(18)	(19)	(20)	(21)	(22)	(23)	(24)	(25)	(26)	(27)	(28)	(29)	(30)	(31)	(32)	(33)	(34)	(35)	(36)	(37)	(38)	(39)	(40)	(41)	(42)	(43)	(44)	(45)	(46)	(47)	(48)	(49)	(50)	(51)	(52)	(53)	(54)	(55)	(56)	(57)	(58)	(59)	(60)	(61)	(62)	(63)
VARIABLES	ZQ_Verbal_Similarities	ZQ_Verbal_Similarities	ZQ_Verbal_Similarities	ZQ_Number_Skills	ZQ_Number_Skills	ZQ_Number_Skills	ZQ_Word_Reading	ZQ_Word_Reading	ZQ_Word_Reading	ZQ_Pattern_Construction	ZQ_Pattern_Construction	ZQ_Pattern_Construction	ZQ_Help_Reading_Freq	ZQ_Help_Reading_Freq	ZQ_Help_Reading_Freq	ZQ_Help_Writing_Freq	ZQ_Help_Writing_Freq	ZQ_Help_Writing_Freq	ZQ_Proactive_School_Selection	ZQ_Proactive_School_Selection	ZQ_Proactive_School_Selection	ZQ_Verbal_Similarities	ZQ_Verbal_Similarities	ZQ_Verbal_Similarities	ZQ_Number_Skills	ZQ_Number_Skills	ZQ_Number_Skills	ZQ_Word_Reading	ZQ_Word_Reading	ZQ_Word_Reading	ZQ_Pattern_Construction	ZQ_Pattern_Construction	ZQ_Pattern_Construction	ZQ_Help_Reading_Freq	ZQ_Help_Reading_Freq	ZQ_Help_Reading_Freq	ZQ_Help_Writing_Freq	ZQ_Help_Writing_Freq	ZQ_Help_Writing_Freq	ZQ_Proactive_School_Selection	ZQ_Proactive_School_Selection	ZQ_Proactive_School_Selection	ZQ_Verbal_Similarities	ZQ_Verbal_Similarities	ZQ_Verbal_Similarities	ZQ_Number_Skills	ZQ_Number_Skills	ZQ_Number_Skills	ZQ_Word_Reading	ZQ_Word_Reading	ZQ_Word_Reading	ZQ_Pattern_Construction	ZQ_Pattern_Construction	ZQ_Pattern_Construction	ZQ_Help_Reading_Freq	ZQ_Help_Reading_Freq	ZQ_Help_Reading_Freq	ZQ_Help_Writing_Freq	ZQ_Help_Writing_Freq	ZQ_Help_Writing_Freq	ZQ_Proactive_School_Selection	ZQ_Proactive_School_Selection	ZQ_Proactive_School_Selection
																																																															
fert	-0.203	-0.225	-0.252	-0.129	-0.137	-0.173	0.0912	0.0746	0.0321	-0.608*	-0.613*	-0.679*	-0.0832	-0.0870	-0.105	-0.217	-0.228	-0.219	0.309	0.306	0.344	-0.251	-0.255	-0.161	-0.647***	-0.659***	-0.601***	-0.292	-0.286	-0.201	0.161	0.156	0.225	-0.184	-0.180	-0.200	-0.156	-0.159	-0.179	-0.0218	-0.00315	0.0359	-0.224	-0.271	-0.227	-0.121	-0.153	-0.153	-0.691**	-0.768**	-0.706*	-0.543	-0.674	-0.619	0.199	0.178	0.206	-0.453**	-0.517**	-0.540***	-0.281	-0.280	-0.216
	(0.194)	(0.194)	(0.202)	(0.232)	(0.230)	(0.234)	(0.242)	(0.237)	(0.246)	(0.347)	(0.348)	(0.358)	(0.206)	(0.208)	(0.211)	(0.226)	(0.222)	(0.227)	(0.281)	(0.275)	(0.284)	(0.214)	(0.212)	(0.208)	(0.221)	(0.223)	(0.225)	(0.218)	(0.215)	(0.215)	(0.207)	(0.220)	(0.242)	(0.245)	(0.245)	(0.258)	(0.256)	(0.259)	(0.269)	(0.292)	(0.299)	(0.306)	(0.314)	(0.326)	(0.314)	(0.316)	(0.371)	(0.373)	(0.335)	(0.384)	(0.374)	(0.434)	(0.476)	(0.479)	(0.334)	(0.357)	(0.364)	(0.186)	(0.202)	(0.203)	(0.298)	(0.309)	(0.304)
malec	0.0913**	0.0962**	0.0943**	0.0288	0.0288	0.0228	-0.167***	-0.168***	-0.171***	-0.0387	-0.0381	-0.0406	-0.00384	-0.00587	-0.00483	-0.0611	-0.0641	-0.0629	0.0491	0.0470	0.0437	-0.0235	-0.0251	-0.0101	-0.0908*	-0.0914*	-0.0709	-0.212***	-0.210***	-0.187***	-0.105**	-0.104**	-0.0876*	0.0722	0.0705	0.0635	-0.0235	-0.0288	-0.0325	-0.00600	-0.00885	-0.00843	-0.00667	-0.00425	-0.00756	-0.0771	-0.0747	-0.0827	-0.281***	-0.279***	-0.285***	-0.208***	-0.208***	-0.198***	0.137**	0.134**	0.134**	0.0537	0.0478	0.0369	-0.0535	-0.0531	-0.0535
	(0.0382)	(0.0381)	(0.0379)	(0.0373)	(0.0374)	(0.0366)	(0.0364)	(0.0363)	(0.0354)	(0.0418)	(0.0420)	(0.0415)	(0.0404)	(0.0405)	(0.0404)	(0.0399)	(0.0398)	(0.0398)	(0.0433)	(0.0431)	(0.0429)	(0.0451)	(0.0443)	(0.0428)	(0.0505)	(0.0508)	(0.0497)	(0.0443)	(0.0440)	(0.0438)	(0.0452)	(0.0454)	(0.0449)	(0.0470)	(0.0471)	(0.0473)	(0.0465)	(0.0468)	(0.0470)	(0.0507)	(0.0505)	(0.0501)	(0.0634)	(0.0627)	(0.0599)	(0.0710)	(0.0715)	(0.0724)	(0.0729)	(0.0741)	(0.0733)	(0.0703)	(0.0722)	(0.0707)	(0.0673)	(0.0676)	(0.0680)	(0.0644)	(0.0651)	(0.0650)	(0.0712)	(0.0714)	(0.0713)
_country2	-0.216***	-0.221***	-0.223***	0.0351	0.0334	0.0418	0.253***	0.248***	0.261***	-0.111	-0.117*	-0.101	0.225***	0.226***	0.223***	0.325***	0.307***	0.308***	0.317***	0.308***	0.303***	-0.184**	-0.185**	-0.182**	-0.105	-0.117	-0.120	0.175*	0.178*	0.164*	-0.138**	-0.135**	-0.136**	-0.0355	-0.0409	-0.0431	-0.0753	-0.0864	-0.0805	0.0709	0.0722	0.0712	-0.158	-0.190	-0.244**	-0.0899	-0.0656	-0.102	0.390**	0.411**	0.359**	-0.201	-0.247*	-0.258*	0.0747	0.0696	0.0828	0.0984	0.0744	0.0948	0.103	0.0948	0.0626
	(0.0636)	(0.0643)	(0.0631)	(0.0630)	(0.0632)	(0.0622)	(0.0744)	(0.0742)	(0.0720)	(0.0681)	(0.0684)	(0.0687)	(0.0840)	(0.0840)	(0.0824)	(0.0821)	(0.0822)	(0.0813)	(0.0990)	(0.0986)	(0.0958)	(0.0757)	(0.0763)	(0.0729)	(0.0828)	(0.0840)	(0.0829)	(0.0925)	(0.0920)	(0.0923)	(0.0662)	(0.0667)	(0.0660)	(0.0675)	(0.0682)	(0.0684)	(0.0701)	(0.0709)	(0.0708)	(0.0650)	(0.0655)	(0.0646)	(0.122)	(0.122)	(0.122)	(0.135)	(0.134)	(0.131)	(0.170)	(0.171)	(0.161)	(0.145)	(0.147)	(0.146)	(0.129)	(0.132)	(0.133)	(0.139)	(0.143)	(0.141)	(0.122)	(0.124)	(0.122)
_country4	-0.203**	-0.213**	-0.239***	-0.00384	-0.00844	-0.0276	0.170*	0.165*	0.153*	-0.148	-0.157	-0.172*	-0.0150	-0.0140	-0.0100	-0.00859	-0.0211	-0.0145	0.401***	0.394***	0.396***	-0.259**	-0.271***	-0.301***	-0.143	-0.154	-0.181*	0.121	0.122	0.0858	-0.0949	-0.0973	-0.114	-0.207**	-0.207**	-0.212**	-0.268***	-0.270***	-0.254**	0.274**	0.279**	0.279**	-0.370**	-0.422***	-0.483***	-0.255	-0.224	-0.290*	0.267	0.305	0.228	-0.321*	-0.347**	-0.373**	-0.0458	-0.0509	-0.0322	-0.262*	-0.288*	-0.259	0.659***	0.665***	0.635***
	(0.0914)	(0.0923)	(0.0921)	(0.0858)	(0.0862)	(0.0853)	(0.0878)	(0.0874)	(0.0852)	(0.100)	(0.101)	(0.101)	(0.102)	(0.103)	(0.101)	(0.101)	(0.102)	(0.101)	(0.117)	(0.117)	(0.115)	(0.105)	(0.105)	(0.102)	(0.0956)	(0.0961)	(0.0940)	(0.0968)	(0.0958)	(0.0949)	(0.0999)	(0.100)	(0.100)	(0.102)	(0.102)	(0.103)	(0.102)	(0.102)	(0.101)	(0.118)	(0.118)	(0.118)	(0.151)	(0.153)	(0.151)	(0.173)	(0.169)	(0.165)	(0.207)	(0.210)	(0.199)	(0.166)	(0.169)	(0.163)	(0.159)	(0.160)	(0.162)	(0.157)	(0.161)	(0.161)	(0.195)	(0.196)	(0.196)
_country5	-0.100	-0.108	-0.110	0.0873	0.0827	0.0745				0.125	0.117	0.106										-0.0800	-0.0804	-0.0741							-0.0865	-0.0905	-0.100	-0.212**	-0.209**	-0.219**	-0.293***	-0.285***	-0.273***	-0.113	-0.102	-0.0922				-0.0515	-0.0311	-0.0449	0.166	0.202	0.176												
	(0.0962)	(0.0967)	(0.0979)	(0.0914)	(0.0915)	(0.0919)				(0.106)	(0.106)	(0.109)										(0.106)	(0.106)	(0.106)							(0.0991)	(0.0991)	(0.101)	(0.102)	(0.103)	(0.103)	(0.102)	(0.102)	(0.102)	(0.107)	(0.107)	(0.104)				(0.175)	(0.177)	(0.173)	(0.210)	(0.215)	(0.207)												
_yb8	2.056*	2.060*	1.870				-0.407	-0.509	-0.616	2.213**	2.166**	2.404**																																																			
	(1.184)	(1.142)	(1.166)				(1.244)	(1.241)	(1.343)	(1.083)	(1.070)	(1.174)																																																			
_yb9	0.936	1.050	0.875	-1.422***	-1.328***	-1.414***	1.371	1.383	1.209	1.389	1.452	1.628	1.610***	1.551***	1.563***	-0.605***	-0.667***	-0.612***	-3.476***	-3.593***	-3.506***																																										
	(1.172)	(1.141)	(1.161)	(0.191)	(0.194)	(0.192)	(1.204)	(1.208)	(1.308)	(1.047)	(1.045)	(1.139)	(0.219)	(0.223)	(0.227)	(0.208)	(0.213)	(0.217)	(0.244)	(0.243)	(0.246)																																										
_yb10	0.824	0.961	0.778	-2.865***	-2.795***	-2.888***	-0.314	-0.345	-0.528	1.257	1.328	1.355	0.473	0.462	0.405	-0.414	-0.445	-0.499	-1.838*	-1.865*	-1.809*	3.775**	3.792**	3.469*	3.265*	3.144*	2.681				1.232	1.269	1.228	0.689	0.608	0.657	-0.687	-0.625	-0.399	3.548*	3.490*	3.745*																					
	(1.288)	(1.277)	(1.284)	(0.818)	(0.818)	(0.800)	(1.415)	(1.423)	(1.488)	(1.286)	(1.290)	(1.338)	(0.501)	(0.484)	(0.487)	(0.316)	(0.327)	(0.326)	(0.989)	(1.051)	(1.018)	(1.851)	(1.814)	(1.805)	(1.887)	(1.897)	(1.849)				(1.594)	(1.588)	(1.542)	(1.871)	(1.880)	(1.873)	(1.661)	(1.673)	(1.695)	(2.032)	(2.051)	(2.001)																					
_yb11	1.672	1.737	1.644	-2.686***	-2.642***	-2.734***	0.367	0.324	0.254	0.817	0.829	0.829	0.229	0.185	0.241	0.577	0.559	0.544	-2.842***	-2.896***	-2.661***	3.201*	3.177*	2.983*	2.241	2.165	1.681	-0.431	-0.476	-0.318	1.127	1.119	1.150	1.019	0.891	1.013	-0.840	-0.803	-0.671	2.597	2.592	2.861*							0.341	4.558	6.161	-14.55	-9.900	-9.525	10.30	9.564	8.995	15.22	15.30	17.06	16.32	17.71	20.34
	(1.205)	(1.175)	(1.168)	(0.314)	(0.315)	(0.301)	(1.198)	(1.202)	(1.285)	(1.096)	(1.090)	(1.126)	(0.463)	(0.466)	(0.500)	(0.454)	(0.449)	(0.464)	(0.734)	(0.734)	(0.713)	(1.751)	(1.709)	(1.682)	(1.868)	(1.875)	(1.866)	(0.494)	(0.498)	(0.453)	(1.514)	(1.517)	(1.461)	(1.773)	(1.784)	(1.787)	(1.565)	(1.578)	(1.591)	(1.706)	(1.712)	(1.680)							(16.21)	(16.34)	(15.84)	(17.70)	(17.81)	(17.44)	(15.11)	(15.31)	(15.62)	(14.71)	(14.95)	(14.45)	(18.08)	(18.14)	(18.53)
_yb12	0.839	0.912	0.810	-2.850***	-2.798***	-2.837***	-0.475	-0.536	-0.624	0.225	0.256	0.309	0.613	0.574	0.568	0.200	0.147	0.0991	-3.428***	-3.499***	-3.312***	3.227**	3.236**	3.124**	1.598	1.564	1.360	-1.003	-0.995	-0.567	0.961	0.981	1.057	1.329	1.210	1.289	-0.0577	-0.0445	0.0804	2.463*	2.438*	2.695*	2.475***	2.294***	1.946***	1.452***	1.111**	0.833*	0.0318	3.779	5.107	-12.99	-8.854	-8.689	11.56	10.85	10.39	15.83	15.98	17.74	15.95	17.23	19.63
	(1.176)	(1.148)	(1.150)	(0.389)	(0.389)	(0.403)	(1.130)	(1.134)	(1.215)	(1.045)	(1.043)	(1.090)	(0.503)	(0.494)	(0.503)	(0.484)	(0.483)	(0.493)	(0.365)	(0.360)	(0.380)	(1.543)	(1.512)	(1.473)	(1.602)	(1.611)	(1.552)	(0.666)	(0.666)	(0.630)	(1.302)	(1.303)	(1.279)	(1.526)	(1.538)	(1.536)	(1.399)	(1.406)	(1.416)	(1.468)	(1.472)	(1.453)	(0.578)	(0.580)	(0.476)	(0.559)	(0.564)	(0.483)	(16.02)	(16.13)	(15.63)	(17.51)	(17.61)	(17.24)	(14.89)	(15.08)	(15.37)	(14.52)	(14.75)	(14.25)	(17.89)	(17.96)	(18.35)
_yb13	1.286	1.343	1.120	-1.984***	-1.938***	-2.124***	0.442	0.373	0.197	0.784	0.807	0.782	0.637	0.598	0.689	-0.119	-0.175	-0.170	-3.396***	-3.466***	-3.370***	2.702*	2.748**	2.444*	2.044	2.023	1.616	-0.533	-0.492	-0.303	1.296	1.340	1.241	0.919	0.810	0.943	-0.378	-0.374	-0.224	2.565*	2.530*	2.682**	2.342***	2.144***	1.985***	1.457*	1.076	0.906	0.319	4.044	5.478	-12.64	-8.675	-8.434	10.79	10.12	9.749	15.02	15.18	17.03	16.14	17.38	19.87
	(1.208)	(1.181)	(1.177)	(0.434)	(0.432)	(0.438)	(1.134)	(1.138)	(1.213)	(1.086)	(1.083)	(1.113)	(0.560)	(0.554)	(0.565)	(0.552)	(0.544)	(0.553)	(0.390)	(0.384)	(0.406)	(1.403)	(1.381)	(1.352)	(1.468)	(1.477)	(1.435)	(0.957)	(0.962)	(0.959)	(1.214)	(1.218)	(1.194)	(1.437)	(1.447)	(1.446)	(1.301)	(1.311)	(1.315)	(1.378)	(1.381)	(1.365)	(0.603)	(0.623)	(0.583)	(0.805)	(0.826)	(0.758)	(15.74)	(15.85)	(15.37)	(17.16)	(17.25)	(16.90)	(14.63)	(14.81)	(15.08)	(14.24)	(14.47)	(13.97)	(17.67)	(17.74)	(18.12)
_yb14	0.667	0.747	0.562	-2.801***	-2.733***	-2.879***	-0.354	-0.393	-0.559	0.550	0.599	0.556	1.110*	1.079*	1.148**	-0.0362	-0.0907	-0.0976	-3.051***	-3.131***	-2.962***	2.761**	2.832**	2.615**	1.441	1.457	1.135	-1.421	-1.341	-1.086	1.086	1.147	1.106	0.613	0.509	0.599	-0.135	-0.144	-0.00540	2.905**	2.887**	3.023**	2.940***	2.766***	2.361***	1.507	1.129	0.836	1.127	4.855	6.161	-13.36	-9.419	-9.337	11.02	10.38	9.985	14.72	14.87	16.72	15.93	17.18	19.66
	(1.160)	(1.134)	(1.130)	(0.422)	(0.418)	(0.419)	(1.104)	(1.108)	(1.189)	(1.019)	(1.017)	(1.065)	(0.568)	(0.562)	(0.567)	(0.537)	(0.530)	(0.539)	(0.431)	(0.426)	(0.442)	(1.294)	(1.278)	(1.245)	(1.408)	(1.416)	(1.367)	(0.905)	(0.904)	(0.878)	(1.126)	(1.129)	(1.111)	(1.308)	(1.318)	(1.322)	(1.196)	(1.205)	(1.210)	(1.329)	(1.331)	(1.317)	(0.775)	(0.807)	(0.738)	(1.129)	(1.161)	(1.053)	(15.58)	(15.69)	(15.23)	(17.00)	(17.09)	(16.76)	(14.40)	(14.57)	(14.85)	(14.12)	(14.35)	(13.86)	(17.55)	(17.62)	(18.00)
_yb15	0.873	0.948	0.798	-2.572***	-2.513***	-2.627***	-0.150	-0.204	-0.320	0.321	0.364	0.393	0.832	0.799	0.887	-0.270	-0.327	-0.336	-3.292***	-3.363***	-3.185***	3.049**	3.106**	2.980**	1.443	1.455	1.197	-1.188	-1.118	-0.759	1.100	1.143	1.133	0.713	0.611	0.689	-0.230	-0.247	-0.128	2.616**	2.609**	2.776**	2.395**	2.252**	1.925**	1.932	1.545	1.266	0.841	4.598	5.963	-12.72	-8.890	-8.709	11.10	10.45	10.11	14.42	14.57	16.36	15.83	17.11	19.55
	(1.139)	(1.113)	(1.113)	(0.425)	(0.423)	(0.428)	(1.090)	(1.095)	(1.176)	(0.992)	(0.991)	(1.040)	(0.550)	(0.541)	(0.550)	(0.522)	(0.518)	(0.529)	(0.419)	(0.414)	(0.432)	(1.233)	(1.218)	(1.187)	(1.331)	(1.339)	(1.291)	(1.025)	(1.025)	(1.008)	(1.054)	(1.056)	(1.043)	(1.215)	(1.224)	(1.230)	(1.123)	(1.129)	(1.135)	(1.202)	(1.201)	(1.187)	(0.955)	(0.980)	(0.910)	(1.375)	(1.403)	(1.284)	(15.37)	(15.48)	(15.03)	(16.80)	(16.89)	(16.56)	(14.21)	(14.39)	(14.67)	(13.93)	(14.16)	(13.66)	(17.40)	(17.47)	(17.84)
_yb16	0.988	1.058	0.862	-2.557***	-2.506***	-2.643***	-0.149	-0.195	-0.333	0.375	0.416	0.430	0.819	0.795	0.868	-0.400	-0.428	-0.428	-2.848***	-2.887***	-2.743***	2.888**	2.949**	2.778**	1.196	1.221	0.918	-1.299	-1.231	-0.935	1.285	1.323	1.290	0.927	0.841	0.913	-0.165	-0.150	-0.0229	2.531**	2.538**	2.652**	2.511**	2.314**	1.962*	1.308	0.858	0.728	1.043	4.679	6.091	-13.09	-9.395	-9.244	10.78	10.13	9.720	14.36	14.49	16.35	16.33	17.58	20.01
	(1.123)	(1.094)	(1.095)	(0.429)	(0.427)	(0.432)	(1.073)	(1.077)	(1.161)	(0.973)	(0.972)	(1.025)	(0.567)	(0.557)	(0.563)	(0.530)	(0.524)	(0.533)	(0.471)	(0.466)	(0.482)	(1.188)	(1.175)	(1.142)	(1.294)	(1.304)	(1.258)	(1.093)	(1.091)	(1.074)	(1.015)	(1.020)	(1.012)	(1.171)	(1.182)	(1.190)	(1.089)	(1.096)	(1.101)	(1.122)	(1.123)	(1.114)	(1.051)	(1.094)	(1.014)	(1.522)	(1.554)	(1.422)	(15.30)	(15.40)	(14.98)	(16.74)	(16.82)	(16.49)	(14.17)	(14.34)	(14.61)	(13.85)	(14.08)	(13.57)	(17.36)	(17.43)	(17.81)
_yb17	0.911	1.002	0.819	-2.445***	-2.376***	-2.517***	-0.119	-0.161	-0.298	0.773	0.831	0.826	0.821	0.787	0.869	-0.620	-0.689	-0.689	-3.029***	-3.104***	-2.944***	2.992***	3.062***	2.845**	1.078	1.123	0.814	-1.106	-1.028	-0.771	1.405	1.444	1.366	0.604	0.520	0.592	-0.234	-0.220	-0.0718	2.658**	2.672**	2.752**	3.043**	2.874**	2.390**	2.153	1.678	1.496	1.899	5.561	6.923	-12.54	-8.938	-8.904	10.40	9.774	9.395	14.10	14.27	16.10	15.77	17.04	19.38
	(1.111)	(1.084)	(1.084)	(0.440)	(0.437)	(0.443)	(1.060)	(1.066)	(1.149)	(0.941)	(0.941)	(0.991)	(0.583)	(0.573)	(0.581)	(0.538)	(0.533)	(0.543)	(0.465)	(0.461)	(0.477)	(1.150)	(1.138)	(1.105)	(1.266)	(1.276)	(1.230)	(1.180)	(1.178)	(1.157)	(0.985)	(0.990)	(0.986)	(1.133)	(1.143)	(1.153)	(1.051)	(1.058)	(1.062)	(1.096)	(1.096)	(1.091)	(1.198)	(1.245)	(1.161)	(1.655)	(1.689)	(1.554)	(15.25)	(15.36)	(14.93)	(16.65)	(16.73)	(16.40)	(14.07)	(14.25)	(14.50)	(13.75)	(13.98)	(13.47)	(17.28)	(17.36)	(17.74)
_yb18	0.827	0.897	0.732	-2.339***	-2.281***	-2.413***	-0.162	-0.216	-0.335	0.534	0.579	0.579	0.836	0.821	0.910	-0.802	-0.856	-0.875	-2.780***	-2.834***	-2.656***	2.688**	2.762**	2.611**	0.928	0.993	0.714	-1.336	-1.236	-0.918	1.140	1.190	1.163	0.578	0.493	0.555	-0.426	-0.429	-0.292	2.894***	2.907***	3.025***	2.479*	2.321*	2.000	1.355	0.899	0.825	1.846	5.541	7.061	-12.97	-9.392	-9.303	10.53	9.923	9.475	14.03	14.20	15.97	15.63	16.91	19.33
	(1.099)	(1.070)	(1.071)	(0.446)	(0.444)	(0.445)	(1.051)	(1.055)	(1.143)	(0.928)	(0.925)	(0.979)	(0.600)	(0.589)	(0.594)	(0.559)	(0.554)	(0.564)	(0.468)	(0.464)	(0.477)	(1.128)	(1.115)	(1.086)	(1.241)	(1.251)	(1.205)	(1.223)	(1.223)	(1.198)	(0.951)	(0.955)	(0.952)	(1.096)	(1.105)	(1.115)	(1.028)	(1.033)	(1.035)	(1.087)	(1.086)	(1.081)	(1.289)	(1.339)	(1.237)	(1.773)	(1.813)	(1.656)	(15.21)	(15.31)	(14.90)	(16.63)	(16.72)	(16.39)	(14.03)	(14.21)	(14.46)	(13.72)	(13.95)	(13.44)	(17.27)	(17.36)	(17.73)
_yb19	0.908	0.982	0.769	-2.210***	-2.149***	-2.313***	-0.0752	-0.111	-0.278	0.779	0.822	0.795	0.839	0.814	0.897	-0.641	-0.685	-0.687	-3.066***	-3.120***	-2.965***	2.773**	2.848***	2.688**	0.921	0.990	0.741	-1.347	-1.245	-0.918	1.213	1.266	1.226	0.620	0.539	0.576	-0.380	-0.378	-0.233	2.444**	2.457**	2.554**	2.752**	2.624*	2.320*	1.548	1.098	0.988	1.691	5.427	6.924	-13.35	-9.810	-9.742	10.36	9.752	9.318	13.53	13.71	15.46	16.21	17.49	19.91
	(1.076)	(1.045)	(1.047)	(0.464)	(0.462)	(0.463)	(1.033)	(1.037)	(1.126)	(0.903)	(0.900)	(0.955)	(0.617)	(0.606)	(0.611)	(0.573)	(0.567)	(0.576)	(0.487)	(0.483)	(0.494)	(1.110)	(1.097)	(1.068)	(1.227)	(1.238)	(1.190)	(1.260)	(1.261)	(1.237)	(0.935)	(0.940)	(0.938)	(1.070)	(1.080)	(1.090)	(0.999)	(1.004)	(1.006)	(1.037)	(1.035)	(1.035)	(1.354)	(1.407)	(1.297)	(1.870)	(1.913)	(1.750)	(15.19)	(15.30)	(14.88)	(16.61)	(16.70)	(16.37)	(14.00)	(14.18)	(14.42)	(13.70)	(13.92)	(13.42)	(17.28)	(17.37)	(17.74)
_yb20	0.914	0.989	0.777	-2.038***	-1.975***	-2.154***	-0.0516	-0.0888	-0.263	1.018	1.062	1.015	0.608	0.584	0.667	-0.910	-0.963*	-0.961	-2.958***	-3.017***	-2.865***	2.722**	2.807***	2.675**	0.859	0.937	0.703	-1.154	-1.036	-0.678	1.103	1.167	1.147	0.565	0.480	0.510	-0.367	-0.380	-0.235	2.315**	2.326**	2.445**	2.764*	2.675*	2.316*	1.770	1.309	1.148	2.173	5.894	7.345	-13.03	-9.532	-9.501	10.28	9.688	9.243	13.45	13.64	15.41	15.57	16.83	19.21
	(1.066)	(1.034)	(1.039)	(0.476)	(0.474)	(0.472)	(1.030)	(1.033)	(1.124)	(0.885)	(0.882)	(0.940)	(0.632)	(0.622)	(0.625)	(0.584)	(0.579)	(0.586)	(0.498)	(0.496)	(0.505)	(1.098)	(1.084)	(1.057)	(1.214)	(1.227)	(1.177)	(1.289)	(1.292)	(1.265)	(0.908)	(0.913)	(0.912)	(1.049)	(1.059)	(1.068)	(0.975)	(0.980)	(0.981)	(1.021)	(1.019)	(1.018)	(1.421)	(1.478)	(1.351)	(1.935)	(1.982)	(1.812)	(15.22)	(15.32)	(14.92)	(16.63)	(16.73)	(16.41)	(14.01)	(14.18)	(14.43)	(13.70)	(13.92)	(13.42)	(17.29)	(17.38)	(17.75)
_yb21	1.002	1.080	0.870	-2.092***	-2.028***	-2.205***	-0.0238	-0.0606	-0.236	1.073	1.116	1.058	0.624	0.603	0.690	-0.993*	-1.038*	-1.041*	-2.993***	-3.047***	-2.894***	2.731**	2.807***	2.653**	0.872	0.956	0.675	-1.217	-1.100	-0.800	1.108	1.170	1.109	0.799	0.713	0.755	-0.430	-0.438	-0.291	2.433**	2.448**	2.545**	3.094**	2.971**	2.669*	2.115	1.658	1.533	2.234	5.987	7.506	-13.07	-9.597	-9.521	10.36	9.780	9.338	13.19	13.38	15.13	15.68	16.97	19.33
	(1.052)	(1.020)	(1.025)	(0.492)	(0.490)	(0.488)	(1.014)	(1.016)	(1.110)	(0.858)	(0.854)	(0.913)	(0.650)	(0.639)	(0.642)	(0.599)	(0.593)	(0.601)	(0.529)	(0.528)	(0.537)	(1.096)	(1.079)	(1.050)	(1.209)	(1.222)	(1.172)	(1.310)	(1.313)	(1.285)	(0.893)	(0.898)	(0.896)	(1.034)	(1.044)	(1.054)	(0.967)	(0.972)	(0.973)	(1.013)	(1.010)	(1.010)	(1.441)	(1.501)	(1.378)	(1.955)	(2.003)	(1.827)	(15.24)	(15.35)	(14.94)	(16.65)	(16.75)	(16.43)	(14.03)	(14.20)	(14.45)	(13.72)	(13.94)	(13.43)	(17.30)	(17.40)	(17.77)
_yb22	0.945	1.026	0.839	-2.031***	-1.959***	-2.118***	-0.0270	-0.0527	-0.219	0.925	0.975	0.931	0.585	0.562	0.631	-0.893	-0.955	-0.972	-2.995***	-3.061***	-2.907***	2.797**	2.891***	2.757***	0.888	0.987	0.742	-1.173	-1.023	-0.697	1.075	1.162	1.120	0.777	0.695	0.714	-0.419	-0.440	-0.293	2.391**	2.394**	2.499**	3.314**	3.223**	2.873**	2.166	1.757	1.596	2.708	6.533	7.993	-12.54	-9.024	-9.060	10.10	9.535	9.078	13.46	13.67	15.43	15.87	17.17	19.48
	(1.033)	(1.001)	(1.006)	(0.513)	(0.511)	(0.508)	(1.000)	(1.003)	(1.097)	(0.828)	(0.824)	(0.886)	(0.671)	(0.661)	(0.664)	(0.620)	(0.615)	(0.622)	(0.557)	(0.555)	(0.564)	(1.090)	(1.073)	(1.046)	(1.201)	(1.214)	(1.163)	(1.325)	(1.330)	(1.297)	(0.879)	(0.884)	(0.883)	(1.017)	(1.027)	(1.038)	(0.951)	(0.956)	(0.956)	(0.990)	(0.987)	(0.987)	(1.456)	(1.522)	(1.394)	(1.959)	(2.009)	(1.834)	(15.29)	(15.40)	(15.00)	(16.73)	(16.84)	(16.52)	(14.08)	(14.26)	(14.52)	(13.76)	(13.99)	(13.48)	(17.41)	(17.52)	(17.89)
_yb23	0.768	0.842	0.637	-1.930***	-1.862***	-2.028***	0.0536	0.0293	-0.146	1.082	1.123	1.057	0.542	0.519	0.583	-0.956	-1.009	-1.027	-3.044***	-3.104***	-2.959***	2.691**	2.782***	2.652**	0.822	0.937	0.679	-1.334	-1.193	-0.874	1.028	1.108	1.057	0.732	0.646	0.668	-0.567	-0.579	-0.434	2.400**	2.412**	2.517**	3.413**	3.345**	3.115**	2.013	1.613	1.516	2.392	6.242	7.806	-12.76	-9.242	-9.213	10.26	9.686	9.214	13.58	13.79	15.52	15.68	16.99	19.33
	(1.010)	(0.977)	(0.984)	(0.536)	(0.534)	(0.529)	(0.986)	(0.988)	(1.084)	(0.806)	(0.801)	(0.864)	(0.694)	(0.684)	(0.687)	(0.642)	(0.636)	(0.644)	(0.597)	(0.595)	(0.604)	(1.082)	(1.064)	(1.038)	(1.198)	(1.212)	(1.159)	(1.334)	(1.340)	(1.305)	(0.864)	(0.871)	(0.869)	(1.006)	(1.017)	(1.027)	(0.942)	(0.948)	(0.948)	(0.980)	(0.978)	(0.979)	(1.467)	(1.534)	(1.404)	(1.972)	(2.024)	(1.851)	(15.34)	(15.46)	(15.05)	(16.76)	(16.88)	(16.56)	(14.11)	(14.29)	(14.54)	(13.78)	(14.01)	(13.50)	(17.39)	(17.50)	(17.87)
_yb24	0.893	0.972	0.787	-1.747***	-1.669***	-1.821***	-0.0262	-0.0397	-0.205	1.176	1.227	1.159	0.549	0.524	0.570	-1.005	-1.067	-1.095*	-2.924***	-2.995***	-2.856***	2.731**	2.827***	2.760***	0.941	1.060	0.855	-1.274	-1.112	-0.733	0.913	1.011	1.017	0.731	0.645	0.631	-0.540	-0.566	-0.427	2.350**	2.352**	2.476**	3.668**	3.619**	3.495**	1.955	1.626	1.612	2.465	6.410	8.084	-12.69	-9.130	-9.035	9.917	9.356	8.850	13.36	13.55	15.22	15.46	16.78	19.12
	(0.995)	(0.963)	(0.971)	(0.558)	(0.556)	(0.550)	(0.982)	(0.984)	(1.081)	(0.796)	(0.791)	(0.854)	(0.719)	(0.710)	(0.712)	(0.664)	(0.659)	(0.665)	(0.634)	(0.632)	(0.636)	(1.081)	(1.062)	(1.037)	(1.195)	(1.209)	(1.154)	(1.341)	(1.347)	(1.309)	(0.854)	(0.860)	(0.855)	(0.994)	(1.004)	(1.014)	(0.928)	(0.935)	(0.934)	(0.973)	(0.970)	(0.967)	(1.484)	(1.555)	(1.419)	(1.971)	(2.027)	(1.858)	(15.39)	(15.52)	(15.10)	(16.86)	(16.99)	(16.66)	(14.17)	(14.35)	(14.60)	(13.83)	(14.05)	(13.55)	(17.44)	(17.55)	(17.93)
_yb25	0.821	0.907	0.747	-1.828***	-1.745***	-1.867***	0.0244	0.0150	-0.115	1.060	1.111	1.078	0.460	0.437	0.492	-1.089	-1.160*	-1.197*	-3.011***	-3.089***	-2.924***	2.609**	2.718***	2.623**	0.827	0.947	0.720	-1.213	-1.035	-0.678	0.856	0.966	0.945	0.766	0.687	0.675	-0.577	-0.600	-0.464	2.244**	2.242**	2.361**	3.441**	3.393**	3.372**	1.905	1.567	1.612	2.248	6.208	7.958	-12.86	-9.309	-9.187	9.904	9.359	8.804	13.59	13.82	15.45	15.36	16.67	19.00
	(0.968)	(0.936)	(0.944)	(0.585)	(0.583)	(0.578)	(0.960)	(0.962)	(1.060)	(0.757)	(0.752)	(0.817)	(0.747)	(0.737)	(0.740)	(0.691)	(0.685)	(0.692)	(0.674)	(0.672)	(0.680)	(1.070)	(1.050)	(1.024)	(1.183)	(1.198)	(1.141)	(1.342)	(1.349)	(1.308)	(0.841)	(0.848)	(0.840)	(0.972)	(0.984)	(0.994)	(0.908)	(0.914)	(0.913)	(0.948)	(0.942)	(0.943)	(1.486)	(1.558)	(1.418)	(1.964)	(2.020)	(1.852)	(15.46)	(15.59)	(15.17)	(16.93)	(17.06)	(16.73)	(14.22)	(14.40)	(14.65)	(13.87)	(14.09)	(13.59)	(17.49)	(17.60)	(17.97)
_yb26	0.756	0.832	0.674	-1.625***	-1.545**	-1.658***	-0.0986	-0.108	-0.233	1.130	1.171	1.145	0.472	0.445	0.500	-1.058	-1.127	-1.160	-3.064***	-3.147***	-2.976***	2.497**	2.601**	2.477**	1.014	1.134	0.915	-1.316	-1.159	-0.796	0.836	0.932	0.900	0.946	0.860	0.842	-0.631	-0.648	-0.513	2.143**	2.151**	2.264**	3.382**	3.372**	3.278**	1.907	1.618	1.596	2.157	6.180	7.858	-12.89	-9.286	-9.203	9.875	9.325	8.809	13.25	13.47	15.13	15.06	16.38	18.70
	(0.944)	(0.912)	(0.923)	(0.612)	(0.609)	(0.606)	(0.947)	(0.948)	(1.048)	(0.725)	(0.720)	(0.787)	(0.773)	(0.765)	(0.767)	(0.718)	(0.712)	(0.720)	(0.720)	(0.717)	(0.727)	(1.066)	(1.042)	(1.015)	(1.171)	(1.187)	(1.130)	(1.344)	(1.352)	(1.310)	(0.825)	(0.832)	(0.823)	(0.966)	(0.978)	(0.986)	(0.899)	(0.906)	(0.904)	(0.938)	(0.933)	(0.929)	(1.497)	(1.570)	(1.433)	(1.966)	(2.022)	(1.857)	(15.51)	(15.64)	(15.21)	(16.96)	(17.11)	(16.78)	(14.26)	(14.45)	(14.70)	(13.90)	(14.13)	(13.63)	(17.50)	(17.62)	(17.99)
_yb27	0.648	0.720	0.573	-1.931***	-1.853***	-1.962***	-0.0371	-0.0485	-0.171	1.140	1.184*	1.139	0.483	0.461	0.512	-1.080	-1.146	-1.182	-3.414***	-3.489***	-3.311***	2.391**	2.480**	2.424**	0.756	0.874	0.668	-1.311	-1.150	-0.749	0.754	0.851	0.858	0.732	0.650	0.634	-0.829	-0.846	-0.728	1.845**	1.846**	1.985**	3.587**	3.610**	3.588**	2.257	2.024	2.014	2.426	6.514	8.236	-12.72	-9.071	-8.977	9.558	9.011	8.473	13.35	13.56	15.18	14.87	16.21	18.51
	(0.909)	(0.877)	(0.890)	(0.632)	(0.629)	(0.630)	(0.921)	(0.923)	(1.024)	(0.695)	(0.691)	(0.753)	(0.804)	(0.796)	(0.799)	(0.748)	(0.741)	(0.751)	(0.753)	(0.750)	(0.761)	(1.047)	(1.024)	(0.998)	(1.156)	(1.172)	(1.115)	(1.349)	(1.357)	(1.312)	(0.801)	(0.809)	(0.798)	(0.940)	(0.951)	(0.958)	(0.869)	(0.876)	(0.873)	(0.903)	(0.898)	(0.893)	(1.498)	(1.574)	(1.437)	(1.967)	(2.024)	(1.863)	(15.53)	(15.67)	(15.23)	(17.00)	(17.15)	(16.82)	(14.29)	(14.48)	(14.72)	(13.92)	(14.14)	(13.64)	(17.51)	(17.63)	(18.00)
_yb28	0.582	0.651	0.566	-1.806***	-1.722***	-1.819***	-0.0389	-0.0405	-0.124	0.872	0.915	0.891	0.192	0.169	0.247	-1.180	-1.246	-1.303*	-3.425***	-3.510***	-3.298***	2.353**	2.426**	2.349**	0.979	1.095	0.853	-1.306	-1.145	-0.781	0.694	0.793	0.766	0.741	0.655	0.642	-0.911	-0.934	-0.819	1.795**	1.784**	1.902**	3.940***	3.930**	3.878***	2.476	2.217	2.163	2.758	6.829	8.519	-12.44	-8.810	-8.743	9.550	9.016	8.508	13.26	13.50	15.11	14.95	16.27	18.50
	(0.883)	(0.856)	(0.868)	(0.663)	(0.661)	(0.657)	(0.912)	(0.913)	(1.013)	(0.685)	(0.679)	(0.742)	(0.829)	(0.821)	(0.823)	(0.771)	(0.765)	(0.773)	(0.795)	(0.791)	(0.796)	(1.031)	(1.008)	(0.978)	(1.118)	(1.132)	(1.074)	(1.356)	(1.364)	(1.318)	(0.778)	(0.786)	(0.775)	(0.924)	(0.936)	(0.944)	(0.852)	(0.859)	(0.857)	(0.885)	(0.880)	(0.875)	(1.514)	(1.592)	(1.460)	(1.962)	(2.023)	(1.868)	(15.55)	(15.70)	(15.26)	(17.05)	(17.21)	(16.88)	(14.32)	(14.52)	(14.76)	(13.94)	(14.16)	(13.66)	(17.50)	(17.63)	(18.00)
_yb29	0.456	0.521	0.401	-1.705**	-1.616**	-1.722**	0.0868	0.0909	-0.0165	1.144*	1.184*	1.149	0.339	0.310	0.372	-1.079	-1.151	-1.210	-3.358***	-3.459***	-3.260***	2.148**	2.230**	2.154**	1.003	1.116	0.928	-1.183	-1.017	-0.613	0.817	0.918	0.925	0.686	0.608	0.575	-0.892	-0.910	-0.792	1.822**	1.812**	1.933**	3.719**	3.728**	3.693**	2.510	2.292	2.216	2.434	6.560	8.262	-12.41	-8.746	-8.669	9.429	8.899	8.383	13.07	13.30	14.90	14.73	16.07	18.27
	(0.827)	(0.799)	(0.815)	(0.685)	(0.683)	(0.678)	(0.886)	(0.887)	(0.991)	(0.651)	(0.646)	(0.713)	(0.848)	(0.840)	(0.842)	(0.790)	(0.784)	(0.792)	(0.823)	(0.818)	(0.828)	(0.988)	(0.966)	(0.939)	(1.073)	(1.088)	(1.032)	(1.367)	(1.375)	(1.327)	(0.739)	(0.747)	(0.736)	(0.880)	(0.892)	(0.899)	(0.806)	(0.812)	(0.810)	(0.836)	(0.835)	(0.831)	(1.521)	(1.597)	(1.459)	(1.974)	(2.032)	(1.878)	(15.54)	(15.69)	(15.25)	(17.03)	(17.19)	(16.86)	(14.31)	(14.51)	(14.75)	(13.92)	(14.14)	(13.65)	(17.45)	(17.59)	(17.96)
_yb30	0.295	0.362	0.269	-1.937***	-1.840***	-1.906***	-0.237	-0.219	-0.290	1.021	1.065*	1.064	0.396	0.365	0.423	-1.036	-1.112	-1.171	-3.709***	-3.817***	-3.614***	2.017**	2.128**	2.075**	0.957	1.078	0.898	-1.481	-1.301	-0.899	0.682	0.797	0.810	0.742	0.666	0.630	-1.014	-1.028	-0.913	1.639**	1.626**	1.761**	3.761**	3.815**	3.822**	2.940	2.771	2.747	2.701	6.880	8.610	-11.85	-8.073	-7.983	9.317	8.803	8.276	13.30	13.56	15.12	14.75	16.07	18.25
	(0.776)	(0.753)	(0.771)	(0.707)	(0.706)	(0.702)	(0.857)	(0.859)	(0.964)	(0.621)	(0.616)	(0.685)	(0.872)	(0.864)	(0.867)	(0.817)	(0.811)	(0.819)	(0.854)	(0.848)	(0.858)	(0.944)	(0.924)	(0.900)	(1.009)	(1.025)	(0.970)	(1.382)	(1.388)	(1.341)	(0.695)	(0.705)	(0.693)	(0.844)	(0.856)	(0.865)	(0.760)	(0.765)	(0.764)	(0.795)	(0.791)	(0.785)	(1.543)	(1.617)	(1.486)	(2.002)	(2.061)	(1.915)	(15.53)	(15.69)	(15.24)	(17.05)	(17.24)	(16.91)	(14.30)	(14.51)	(14.75)	(13.90)	(14.12)	(13.63)	(17.40)	(17.54)	(17.90)
_yb31	-0.00104	0.0479	-0.00923	-1.948***	-1.862**	-1.902***	-0.343	-0.344	-0.366	0.958*	0.989*	1.014	0.543	0.511	0.587	-0.855	-0.931	-1.007	-3.723***	-3.834***	-3.626***	1.655*	1.735**	1.693**	0.934	1.044	0.883	-1.577	-1.406	-0.982	0.565	0.671	0.689	0.664	0.589	0.567	-0.962	-0.979	-0.889	1.472**	1.456**	1.563**	3.749**	3.746**	3.794**	3.084	2.894	2.844	2.568	6.726	8.483	-11.88	-8.147	-8.062	9.174	8.669	8.154	13.26	13.51	15.03	14.38	15.70	17.85
	(0.707)	(0.690)	(0.711)	(0.729)	(0.727)	(0.724)	(0.826)	(0.829)	(0.933)	(0.579)	(0.576)	(0.642)	(0.894)	(0.886)	(0.890)	(0.839)	(0.833)	(0.843)	(0.879)	(0.872)	(0.884)	(0.861)	(0.843)	(0.817)	(0.926)	(0.940)	(0.889)	(1.407)	(1.412)	(1.367)	(0.633)	(0.641)	(0.628)	(0.785)	(0.797)	(0.804)	(0.691)	(0.694)	(0.694)	(0.739)	(0.734)	(0.726)	(1.576)	(1.651)	(1.523)	(2.044)	(2.100)	(1.956)	(15.46)	(15.63)	(15.17)	(16.97)	(17.15)	(16.83)	(14.25)	(14.45)	(14.69)	(13.82)	(14.04)	(13.56)	(17.31)	(17.45)	(17.81)
_yb32	-0.0616	-0.0103	-0.0337	-1.963***	-1.867**	-1.868**	-0.287	-0.278	-0.247	0.978*	1.010**	1.062*	0.440	0.395	0.465	-0.973	-1.069	-1.183	-4.022***	-4.162***	-3.923***	1.513*	1.581**	1.540**	0.788	0.896	0.771	-1.596	-1.434	-0.965	0.682	0.779	0.838	0.277	0.205	0.162	-1.212*	-1.227*	-1.171*	1.075*	1.056*	1.141*	3.725**	3.725**	3.780**	3.091	2.914	2.867	2.480	6.657	8.406	-11.70	-7.971	-7.841	9.037	8.540	8.034	13.19	13.45	14.92	14.06	15.38	17.49
	(0.632)	(0.619)	(0.643)	(0.760)	(0.759)	(0.763)	(0.781)	(0.786)	(0.888)	(0.503)	(0.499)	(0.561)	(0.915)	(0.907)	(0.915)	(0.861)	(0.856)	(0.871)	(0.913)	(0.903)	(0.922)	(0.785)	(0.772)	(0.743)	(0.834)	(0.848)	(0.798)	(1.446)	(1.451)	(1.409)	(0.569)	(0.578)	(0.566)	(0.719)	(0.731)	(0.738)	(0.626)	(0.630)	(0.625)	(0.616)	(0.616)	(0.606)	(1.617)	(1.695)	(1.567)	(2.110)	(2.164)	(2.018)	(15.34)	(15.50)	(15.04)	(16.85)	(17.05)	(16.72)	(14.16)	(14.37)	(14.61)	(13.74)	(13.95)	(13.47)	(17.10)	(17.24)	(17.60)
_yb33	-0.343	-0.287	-0.298	-2.277***	-2.182***	-2.177***	-0.400	-0.389	-0.358	0.531	0.568	0.624	0.401	0.374	0.445	-0.994	-1.079	-1.188	-4.104***	-4.220***	-3.955***	1.186*	1.272*	1.269*	0.256	0.357	0.274	-1.955	-1.779	-1.295	0.403	0.503	0.570	0.185	0.126	0.0716	-1.163**	-1.177**	-1.120**	1.275**	1.276**	1.365***	3.530**	3.565**	3.562**	3.412	3.301	3.194	2.401	6.617	8.310	-11.48	-7.693	-7.641	8.644	8.142	7.641	12.63	12.85	14.32	14.02	15.32	17.37
	(0.564)	(0.557)	(0.584)	(0.788)	(0.787)	(0.790)	(0.735)	(0.743)	(0.849)	(0.448)	(0.446)	(0.512)	(0.935)	(0.926)	(0.933)	(0.888)	(0.882)	(0.898)	(0.939)	(0.925)	(0.944)	(0.685)	(0.677)	(0.648)	(0.748)	(0.762)	(0.715)	(1.501)	(1.503)	(1.466)	(0.507)	(0.521)	(0.504)	(0.629)	(0.641)	(0.650)	(0.512)	(0.512)	(0.509)	(0.537)	(0.531)	(0.520)	(1.654)	(1.730)	(1.608)	(2.190)	(2.231)	(2.082)	(15.20)	(15.36)	(14.89)	(16.74)	(16.93)	(16.61)	(14.05)	(14.25)	(14.49)	(13.61)	(13.82)	(13.34)	(16.94)	(17.08)	(17.44)
_yb34	-0.566	-0.500	-0.470	-2.137**	-2.047**	-1.994**	-0.483	-0.479	-0.396	0.503	0.532	0.626	0.503	0.469	0.527	-0.815	-0.907	-1.043	-4.291***	-4.414***	-4.142***	0.901*	0.962*	1.019*	1.006	1.078*	1.043*	-2.060	-1.888	-1.369	0.692	0.780*	0.915**	-0.0191	-0.0679	-0.148	-1.012**	-1.039**	-0.979**	0.765*	0.753*	0.851**	3.513**	3.458*	3.573**	3.874	3.678	3.692	2.947	7.074	8.834	-11.12	-7.368	-7.230	8.077	7.608	7.031	12.83	13.12	14.48	13.78	15.05	17.02
	(0.466)	(0.469)	(0.507)	(0.837)	(0.835)	(0.843)	(0.692)	(0.703)	(0.810)	(0.371)	(0.370)	(0.441)	(0.971)	(0.961)	(0.973)	(0.930)	(0.926)	(0.946)	(0.979)	(0.961)	(0.990)	(0.540)	(0.550)	(0.522)	(0.612)	(0.625)	(0.585)	(1.620)	(1.611)	(1.577)	(0.447)	(0.458)	(0.446)	(0.557)	(0.569)	(0.579)	(0.443)	(0.437)	(0.439)	(0.422)	(0.418)	(0.408)	(1.713)	(1.788)	(1.666)	(2.356)	(2.395)	(2.247)	(15.05)	(15.23)	(14.77)	(16.62)	(16.84)	(16.52)	(13.92)	(14.13)	(14.37)	(13.42)	(13.64)	(13.18)	(16.74)	(16.89)	(17.23)
_yb35	-1.085**	-1.079**	-1.001**	-2.659***	-2.578***	-2.444***	-0.609	-0.614	-0.448	0.194	0.190	0.356	0.161	0.104	0.154	-1.125	-1.215	-1.392	-4.553***	-4.696***	-4.429***	0.372	0.403	0.488	0.167	0.235	0.265	-2.221	-2.087	-1.465	0.503	0.565*	0.781**	-0.856*	-0.911*	-1.018**	-1.568***	-1.574***	-1.617***	0.687*	0.681*	0.725**	3.061	3.007	2.987	4.036	3.869	3.749	2.509	6.600	8.315	-11.14	-7.410	-7.264	7.746	7.272	6.802	12.27	12.50	13.79	13.32	14.60	16.53
	(0.422)	(0.430)	(0.468)	(0.891)	(0.889)	(0.897)	(0.669)	(0.681)	(0.786)	(0.316)	(0.314)	(0.387)	(0.999)	(0.990)	(1.007)	(0.951)	(0.947)	(0.974)	(1.007)	(0.987)	(1.023)	(0.467)	(0.479)	(0.446)	(0.439)	(0.459)	(0.423)	(1.674)	(1.669)	(1.645)	(0.309)	(0.315)	(0.320)	(0.472)	(0.487)	(0.500)	(0.330)	(0.324)	(0.328)	(0.351)	(0.348)	(0.341)	(1.867)	(1.940)	(1.818)	(2.557)	(2.578)	(2.422)	(14.83)	(14.99)	(14.52)	(16.24)	(16.43)	(16.09)	(13.68)	(13.87)	(14.10)	(13.28)	(13.48)	(13.03)	(16.44)	(16.58)	(16.89)
_yb36	-1.391***	-1.397***	-1.394***	-2.505**	-2.443**	-2.426**	-0.348	-0.372	-0.355	-0.496	-0.514	-0.466	0.415	0.344	0.377	-0.717	-0.795	-0.884	-3.821***	-3.954***	-3.630***							-2.284	-2.182	-1.602													3.018	2.943	2.825	3.925	3.874	3.674	2.232	6.494	8.130	-11.01	-7.134	-7.160	9.362	9.020	8.624	13.64	13.90	15.33	12.94	14.16	16.11
	(0.428)	(0.446)	(0.482)	(0.998)	(0.995)	(1.027)	(0.663)	(0.677)	(0.781)	(0.422)	(0.423)	(0.488)	(1.106)	(1.098)	(1.130)	(1.128)	(1.124)	(1.151)	(1.347)	(1.321)	(1.334)							(1.811)	(1.802)	(1.799)													(2.016)	(2.083)	(1.970)	(2.587)	(2.621)	(2.470)	(14.80)	(14.98)	(14.52)	(16.33)	(16.54)	(16.23)	(13.69)	(13.90)	(14.14)	(13.22)	(13.42)	(12.97)	(16.41)	(16.55)	(16.90)
_yb_pre1955	0.885	0.984	0.763	-1.616***	-1.487***	-1.731***	-0.426	-0.409	-0.728	0.257	0.357	0.160	1.534**	1.540**	1.510**	-0.564	-0.680	-0.692	-3.330***	-3.475***	-3.368***	2.422***	2.745***	2.559***	1.347	1.473	1.420	-1.795	-1.489	-1.117	1.028	1.230	1.095	1.384	1.344	1.400	-0.838	-0.879	-0.540	1.500*	1.565*	1.626*	-13.66																				
	(1.028)	(0.996)	(1.018)	(0.520)	(0.518)	(0.509)	(1.016)	(1.017)	(1.106)	(0.820)	(0.818)	(0.894)	(0.660)	(0.652)	(0.654)	(0.626)	(0.620)	(0.626)	(0.542)	(0.538)	(0.549)	(0.931)	(0.919)	(0.922)	(1.092)	(1.103)	(1.101)	(1.384)	(1.388)	(1.348)	(0.775)	(0.784)	(0.813)	(0.898)	(0.909)	(0.922)	(0.864)	(0.868)	(0.920)	(0.850)	(0.822)	(0.850)	(12.58)																				
_dob_m1	-0.258*	-0.289**	-0.250*	0.00159	-0.00525	0.0414	-0.0351	-0.0276	-0.0640	0.0715	-0.174	-0.124	0.0596	0.0594	0.0404	0.0247	0.0240	0.00634	-0.219	-0.218	-0.215	-0.126	-0.149	-0.178	0.0662	0.0618	0.0483	-0.0369	-0.0415	-0.0780	-0.0471	-0.0518	-0.0894	-0.00833	-0.00874	-0.0168	-0.0503	-0.0476	-0.0417	-0.0903	-0.0896	-0.113	-0.251	-0.290	-0.129	-0.271	-0.239	-0.145	-0.212	-0.216	-0.208	-0.362	-0.351	-0.237	0.0926	0.0857	0.0855	-0.0417	-0.0600	-0.101	-0.372*	-0.383*	-0.320
	(0.144)	(0.143)	(0.141)	(0.131)	(0.132)	(0.131)	(0.0869)	(0.0865)	(0.126)	(0.0969)	(0.149)	(0.149)	(0.148)	(0.149)	(0.148)	(0.145)	(0.145)	(0.144)	(0.166)	(0.165)	(0.164)	(0.169)	(0.167)	(0.166)	(0.171)	(0.171)	(0.168)	(0.103)	(0.102)	(0.0992)	(0.110)	(0.110)	(0.110)	(0.119)	(0.119)	(0.120)	(0.115)	(0.115)	(0.115)	(0.123)	(0.124)	(0.124)	(0.234)	(0.228)	(0.225)	(0.247)	(0.255)	(0.253)	(0.179)	(0.180)	(0.174)	(0.249)	(0.252)	(0.250)	(0.189)	(0.190)	(0.194)	(0.177)	(0.176)	(0.181)	(0.205)	(0.205)	(0.205)
_dob_m2	-0.199	-0.231	-0.192	-0.00839	-0.0186	0.0189			-0.0429		-0.246	-0.202	0.0525	0.0511	0.0340	-0.0288	-0.0299	-0.0449	-0.104	-0.106	-0.0948	-0.159	-0.178	-0.154	0.100	0.0949	0.108																0.0690	0.0392	0.198	-0.0502	-0.00865	0.0754				-0.158	-0.116	-0.0361	0.0491	0.0528	0.0401	-0.0106	-0.0242	-0.0431	-0.0999	-0.102	-0.0727
	(0.143)	(0.142)	(0.139)	(0.135)	(0.135)	(0.134)			(0.122)		(0.153)	(0.153)	(0.150)	(0.150)	(0.149)	(0.149)	(0.149)	(0.148)	(0.169)	(0.168)	(0.167)	(0.168)	(0.167)	(0.167)	(0.170)	(0.171)	(0.169)																(0.226)	(0.220)	(0.222)	(0.259)	(0.264)	(0.265)				(0.243)	(0.247)	(0.241)	(0.201)	(0.198)	(0.200)	(0.187)	(0.187)	(0.188)	(0.223)	(0.224)	(0.220)
_dob_m3	-0.127	-0.160	-0.131	0.0278	0.0215	0.0546	-0.00301	0.00194	-0.0440	0.0360	-0.205	-0.175	-0.0625	-0.0547	-0.0709	-0.130	-0.118	-0.136	-0.325**	-0.320**	-0.303*	0.0743	0.0496	0.0346	0.130	0.137	0.132	-0.0252	-0.0179	-0.0345	0.00199	0.00984	-0.0204	-0.0347	-0.0362	-0.0363	-0.0787	-0.0754	-0.0789	-0.0423	-0.0514	-0.0619	-0.0600	-0.109	0.0169	-0.0958	-0.0840	-0.0162	-0.0625	-0.0853	-0.103	-0.109	-0.0848	-0.0232	0.0612	0.0587	0.0430	-0.0400	-0.0445	-0.0842	-0.129	-0.132	-0.103
	(0.147)	(0.146)	(0.143)	(0.134)	(0.134)	(0.132)	(0.0955)	(0.0955)	(0.124)	(0.103)	(0.148)	(0.148)	(0.146)	(0.146)	(0.145)	(0.143)	(0.143)	(0.143)	(0.157)	(0.157)	(0.155)	(0.172)	(0.171)	(0.169)	(0.167)	(0.168)	(0.165)	(0.113)	(0.111)	(0.107)	(0.0973)	(0.0978)	(0.0976)	(0.118)	(0.118)	(0.119)	(0.112)	(0.112)	(0.112)	(0.122)	(0.122)	(0.123)	(0.239)	(0.235)	(0.230)	(0.253)	(0.260)	(0.257)	(0.197)	(0.198)	(0.185)	(0.246)	(0.247)	(0.244)	(0.195)	(0.194)	(0.195)	(0.170)	(0.173)	(0.176)	(0.240)	(0.236)	(0.234)
_dob_m4	-0.0822	-0.112	-0.0783	-0.0414	-0.0462	-0.00682	0.0411	0.0442	-0.000234	0.141	-0.0959	-0.0555	0.0132	0.0185	-0.00420	-0.0502	-0.0515	-0.0626	-0.280*	-0.281*	-0.279*	0.0620	0.0301	0.0261	0.0786	0.0803	0.0689	0.125	0.121	0.0934	-0.0290	-0.0320	-0.0537	0.0504	0.0510	0.0504	-0.0856	-0.0780	-0.0725	-0.105	-0.112	-0.122	0.0709	0.0167	0.125	0.111	0.0895	0.153	0.289	0.250	0.227	-0.102	-0.112	-0.0379	-0.171	-0.174	-0.168	-0.0307	-0.0162	-0.0545	-0.135	-0.144	-0.143
	(0.143)	(0.142)	(0.139)	(0.126)	(0.126)	(0.124)	(0.0872)	(0.0873)	(0.117)	(0.101)	(0.144)	(0.145)	(0.144)	(0.144)	(0.143)	(0.141)	(0.142)	(0.141)	(0.159)	(0.158)	(0.157)	(0.162)	(0.161)	(0.161)	(0.171)	(0.172)	(0.168)	(0.109)	(0.109)	(0.105)	(0.0992)	(0.101)	(0.102)	(0.120)	(0.121)	(0.122)	(0.113)	(0.114)	(0.114)	(0.121)	(0.124)	(0.124)	(0.219)	(0.214)	(0.214)	(0.220)	(0.220)	(0.218)	(0.194)	(0.201)	(0.190)	(0.233)	(0.237)	(0.229)	(0.173)	(0.173)	(0.173)	(0.157)	(0.162)	(0.164)	(0.197)	(0.196)	(0.194)
_dob_m5	-0.0152	-0.0525	-0.0236	0.0504	0.0412	0.0657	-0.0316	-0.0291	-0.0847	0.171	-0.0734	-0.0412	-0.00849	-0.00763	-0.0294	0.0112	0.0169	0.00238	-0.277*	-0.276*	-0.274*	0.0176	-0.0222	-0.0521	0.134	0.131	0.109	-0.0402	-0.0555	-0.108	0.0356	0.0256	-0.0156	-0.0569	-0.0619	-0.0659	-0.0143	-0.00625	-0.00505	0.0347	0.0310	-0.00509	-0.0165	-0.0718	0.00576	0.0856	0.0842	0.105	0.0499	0.0100	-0.0501	-0.198	-0.212	-0.169	-0.0439	-0.0584	-0.0392	-0.0608	-0.0781	-0.0736	0.0478	0.0452	0.0635
	(0.137)	(0.136)	(0.134)	(0.127)	(0.127)	(0.127)	(0.0917)	(0.0915)	(0.122)	(0.105)	(0.147)	(0.148)	(0.144)	(0.144)	(0.143)	(0.140)	(0.140)	(0.140)	(0.154)	(0.154)	(0.153)	(0.164)	(0.163)	(0.163)	(0.162)	(0.162)	(0.159)	(0.107)	(0.106)	(0.106)	(0.101)	(0.102)	(0.103)	(0.121)	(0.121)	(0.122)	(0.117)	(0.119)	(0.118)	(0.131)	(0.134)	(0.133)	(0.224)	(0.219)	(0.216)	(0.234)	(0.242)	(0.238)	(0.171)	(0.171)	(0.165)	(0.235)	(0.240)	(0.238)	(0.172)	(0.173)	(0.174)	(0.156)	(0.159)	(0.161)	(0.219)	(0.217)	(0.215)
_dob_m6	-0.337**	-0.374***	-0.348**	-0.0658	-0.0773	-0.0397	-0.0429	-0.0437	-0.0895	0.0662	-0.180	-0.150	-0.0134	-0.00894	-0.0333	-0.0682	-0.0623	-0.0765	-0.194	-0.187	-0.187	-0.222	-0.261	-0.271	0.0548	0.0503	0.0403	0.0949	0.0830	0.0541	-0.0955	-0.107	-0.138	-0.0652	-0.0669	-0.0665	-0.0243	-0.0214	-0.00971	0.0818	0.0787	0.0661	-0.299	-0.353	-0.231	-0.0747	-0.0909	-0.0481	-0.0597	-0.0979	-0.147	-0.211	-0.208	-0.134	0.0473	0.0347	0.0367	-0.0473	-0.0413	-0.0502	-0.198	-0.199	-0.150
	(0.142)	(0.142)	(0.140)	(0.127)	(0.127)	(0.127)	(0.0897)	(0.0896)	(0.117)	(0.0991)	(0.144)	(0.145)	(0.145)	(0.145)	(0.144)	(0.139)	(0.140)	(0.139)	(0.162)	(0.162)	(0.161)	(0.167)	(0.165)	(0.165)	(0.162)	(0.163)	(0.159)	(0.105)	(0.105)	(0.102)	(0.0994)	(0.0998)	(0.0997)	(0.116)	(0.116)	(0.116)	(0.110)	(0.111)	(0.110)	(0.133)	(0.134)	(0.132)	(0.227)	(0.220)	(0.220)	(0.229)	(0.234)	(0.234)	(0.181)	(0.188)	(0.181)	(0.236)	(0.238)	(0.234)	(0.174)	(0.173)	(0.175)	(0.160)	(0.163)	(0.167)	(0.196)	(0.197)	(0.203)
_dob_m7	-0.181	-0.204	-0.182	-0.0524	-0.0561	-0.0328	-0.0361	-0.0253	-0.0866	0.0888	-0.149	-0.126	-0.0728	-0.0732	-0.0926	-0.187	-0.183	-0.198	-0.310**	-0.308**	-0.299*	-0.158	-0.187	-0.208	0.0818	0.0797	0.0587	-0.102	-0.103	-0.147	-0.160	-0.158	-0.210*	0.0253	0.0222	0.0319	-0.0448	-0.0436	-0.0248	0.0158	0.00833	-0.00139	-0.163	-0.227	-0.132	0.0921	0.0764	0.142	-0.0509	-0.108	-0.131	-0.280	-0.288	-0.204	0.147	0.136	0.126	0.0404	0.0372	0.0305	-0.340	-0.350*	-0.313
	(0.158)	(0.155)	(0.149)	(0.127)	(0.127)	(0.125)	(0.103)	(0.102)	(0.122)	(0.117)	(0.147)	(0.146)	(0.143)	(0.143)	(0.142)	(0.137)	(0.138)	(0.137)	(0.156)	(0.155)	(0.153)	(0.187)	(0.185)	(0.180)	(0.170)	(0.170)	(0.167)	(0.116)	(0.114)	(0.111)	(0.110)	(0.110)	(0.109)	(0.122)	(0.121)	(0.122)	(0.124)	(0.124)	(0.124)	(0.129)	(0.129)	(0.130)	(0.238)	(0.233)	(0.229)	(0.251)	(0.262)	(0.260)	(0.199)	(0.207)	(0.203)	(0.254)	(0.259)	(0.256)	(0.197)	(0.198)	(0.199)	(0.184)	(0.189)	(0.191)	(0.210)	(0.209)	(0.209)
_dob_m8	-0.114	-0.154	-0.128	-0.0689	-0.0807	-0.0349	-0.00942	-0.0130	-0.0603	0.0891	-0.159	-0.107	0.0414	0.0398	0.0153	0.00291	0.00371	-0.0121	-0.346**	-0.348**	-0.356**	-0.0287	-0.0609	-0.106	0.136	0.133	0.107	-0.0143	-0.0161	-0.0726	-0.0648	-0.0642	-0.102	0.0330	0.0305	0.0277	0.107	0.109	0.111	-0.0834	-0.0930	-0.128	0.0229	-0.0390	0.0282	0.0217	0.0205	0.0739	0.273	0.230	0.174	-0.248	-0.231	-0.183									
	(0.141)	(0.140)	(0.138)	(0.128)	(0.128)	(0.126)	(0.0944)	(0.0940)	(0.118)	(0.0972)	(0.142)	(0.142)	(0.143)	(0.143)	(0.142)	(0.142)	(0.142)	(0.141)	(0.154)	(0.153)	(0.151)	(0.176)	(0.175)	(0.174)	(0.169)	(0.169)	(0.165)	(0.109)	(0.109)	(0.105)	(0.109)	(0.109)	(0.108)	(0.125)	(0.125)	(0.125)	(0.119)	(0.120)	(0.121)	(0.123)	(0.123)	(0.123)	(0.247)	(0.244)	(0.236)	(0.239)	(0.241)	(0.233)	(0.198)	(0.199)	(0.185)	(0.241)	(0.248)	(0.237)									
_dob_m9	-0.0398	-0.0780	-0.0630	0.0687	0.0567	0.0702	-0.0430	-0.0485	-0.106	0.251*	0.00196	0.0228	0.120	0.124	0.125	0.0848	0.0919	0.0872	-0.177*	-0.183*	-0.164*	-0.00151	-0.0124	-0.0407	-0.0427	-0.0307	-0.0553	-0.0982	-0.0996	-0.149	0.0898	0.0894	0.0327	0.254	0.243	0.263	0.240	0.231	0.249	-0.105	-0.113	-0.125							-0.0835	-0.135	-0.242				-0.0928	-0.104	-0.114	0.184	0.178	0.203	-0.476*	-0.482*	-0.484*
	(0.0816)	(0.0809)	(0.0797)	(0.0848)	(0.0860)	(0.0854)	(0.116)	(0.116)	(0.0804)	(0.137)	(0.101)	(0.101)	(0.0967)	(0.0969)	(0.0965)	(0.0956)	(0.0959)	(0.0953)	(0.0959)	(0.0955)	(0.0946)	(0.106)	(0.105)	(0.101)	(0.124)	(0.124)	(0.122)	(0.137)	(0.136)	(0.135)	(0.140)	(0.141)	(0.142)	(0.160)	(0.159)	(0.160)	(0.154)	(0.155)	(0.156)	(0.160)	(0.161)	(0.162)							(0.227)	(0.236)	(0.234)				(0.229)	(0.228)	(0.230)	(0.223)	(0.227)	(0.228)	(0.266)	(0.264)	(0.265)
_dob_m10	-0.111	-0.132*	-0.118	-0.113	-0.112	-0.0943	0.00932	0.0223	-0.0333	0.144	-0.0934	-0.0772	0.0817	0.0764	0.0790	-0.0155	-0.0199	-0.0247	-0.0868	-0.100	-0.0863	0.0326	0.0182	0.0124	-0.158	-0.156	-0.165	-0.193	-0.197	-0.235*	0.0274	0.0307	-0.00698	0.144	0.137	0.149	0.0914	0.0909	0.109	-0.0233	-0.0374	-0.0543	-0.0495	-0.0775	-0.0644	-0.149	-0.127	-0.147	-0.154	-0.172	-0.305	-0.0636	-0.0649	-0.0502	0.0744	0.0617	0.0709	0.165	0.137	0.170	-0.00252	-0.00119	0.0416
	(0.0814)	(0.0804)	(0.0791)	(0.0903)	(0.0905)	(0.0871)	(0.112)	(0.111)	(0.0845)	(0.136)	(0.105)	(0.104)	(0.0981)	(0.0978)	(0.0974)	(0.0954)	(0.0949)	(0.0952)	(0.100)	(0.100)	(0.100)	(0.115)	(0.112)	(0.108)	(0.122)	(0.123)	(0.119)	(0.135)	(0.135)	(0.132)	(0.136)	(0.137)	(0.138)	(0.157)	(0.158)	(0.159)	(0.153)	(0.153)	(0.154)	(0.168)	(0.168)	(0.169)	(0.161)	(0.165)	(0.161)	(0.172)	(0.179)	(0.171)	(0.218)	(0.226)	(0.224)	(0.181)	(0.185)	(0.180)	(0.224)	(0.225)	(0.228)	(0.224)	(0.228)	(0.228)	(0.267)	(0.266)	(0.270)
_dob_m11	-0.172**	-0.190**	-0.178**	-0.182**	-0.181**	-0.181**	-0.0315	-0.0188	-0.0958	0.158	-0.0790	-0.0681	0.107	0.102	0.107	0.114	0.110	0.113	-0.0693	-0.0835	-0.0730	0.122	0.111	0.0994	-0.133	-0.136	-0.150	-0.0637	-0.0676	-0.111	-0.0271	-0.0224	-0.0648	0.256	0.245	0.262*	0.163	0.156	0.185	0.0630	0.0455	0.0447	0.0776	0.0476	0.0930	0.0249	-0.0160	0.0215	0.0756	-0.0125	-0.0911	-0.0467	-0.0860	-0.0266	-0.0237	-0.0490	-0.0495	0.122	0.126	0.157	-0.420	-0.446*	-0.403
	(0.0830)	(0.0817)	(0.0815)	(0.0851)	(0.0855)	(0.0852)	(0.122)	(0.121)	(0.0831)	(0.151)	(0.103)	(0.104)	(0.0947)	(0.0946)	(0.0939)	(0.0933)	(0.0932)	(0.0930)	(0.101)	(0.101)	(0.101)	(0.106)	(0.102)	(0.0994)	(0.119)	(0.119)	(0.119)	(0.144)	(0.143)	(0.141)	(0.147)	(0.148)	(0.150)	(0.157)	(0.157)	(0.158)	(0.153)	(0.153)	(0.154)	(0.172)	(0.174)	(0.176)	(0.154)	(0.154)	(0.151)	(0.167)	(0.171)	(0.173)	(0.226)	(0.241)	(0.236)	(0.161)	(0.165)	(0.164)	(0.225)	(0.226)	(0.231)	(0.216)	(0.223)	(0.225)	(0.262)	(0.260)	(0.270)
_dob_y2	0.0883	0.102	0.0747	0.0156	0.0205	-0.0129	0.234	0.245	0.221	0.178	0.183	0.151	-0.135	-0.128	-0.132	-0.0475	-0.0562	-0.0727	0.0863	0.0819	0.0695	-0.437	-0.449	-0.422	-0.0887	-0.0905	-0.113	0.00610	0.00268	0.0483	0.0612	0.0706	0.0421	0.0334	0.0309	0.0461	-0.279	-0.297	-0.313	-0.125	-0.120	-0.0652	0.00286	0.0466	-0.0426	0.829	0.935*	0.947*	-0.0423	-0.0597	0.773	0.864***	0.945***	0.945***	-1.163***	-1.157***	-1.248***	-1.663***	-1.702***	-1.860***	0.305	0.335	0.333
	(0.128)	(0.127)	(0.125)	(0.107)	(0.108)	(0.106)	(0.255)	(0.257)	(0.242)	(0.123)	(0.123)	(0.123)	(0.294)	(0.292)	(0.288)	(0.272)	(0.272)	(0.277)	(0.215)	(0.218)	(0.226)	(0.317)	(0.309)	(0.266)	(0.131)	(0.131)	(0.127)	(0.319)	(0.321)	(0.299)	(0.125)	(0.125)	(0.125)	(0.326)	(0.326)	(0.328)	(0.355)	(0.355)	(0.358)	(0.340)	(0.338)	(0.343)	(0.199)	(0.196)	(0.196)	(0.524)	(0.535)	(0.521)	(0.188)	(0.199)	(0.567)	(0.270)	(0.311)	(0.316)	(0.255)	(0.251)	(0.255)	(0.215)	(0.219)	(0.211)	(0.233)	(0.241)	(0.207)
_dob_y3	0.139	0.153	0.153	-0.935***	-0.937***	-0.910***				-0.0919	-0.0896	-0.0340													-0.432	-0.426	-0.448				0.0159	0.0351	-0.00384										0.429	0.419	0.287				-0.720	-0.845													
	(0.382)	(0.383)	(0.366)	(0.299)	(0.296)	(0.283)				(0.350)	(0.348)	(0.349)													(0.302)	(0.301)	(0.279)				(0.253)	(0.250)	(0.256)										(0.451)	(0.447)	(0.410)				(0.668)	(0.660)													
_eth1	-0.573	-0.161	-0.207	-0.199	0.00314	0.166	-0.0228	0.395	0.563	-0.00153	0.146	0.210	0.623**	0.237	0.140	0.997***	0.802**	0.800**	0.400**	0.194	0.0250	0.287	0.0486	0.0635	0.857	-1.210**	-1.189**	0.808***	0.567	0.676**	-1.287***	-1.272*	-1.183*	0.877***	0.851*	0.952**	0.682***	0.692*	0.669*	0.322*	-0.0395	0.0355	0.654*			-0.346	0.797		0.220	-0.276	-0.551	0.0159	0.858	0.849	-0.209	-0.318	-0.160	-1.133*	-1.392	-1.220	0.0277	-0.266	-0.219
	(0.578)	(0.599)	(0.584)	(0.539)	(0.642)	(0.659)	(0.489)	(0.545)	(0.512)	(0.495)	(0.598)	(0.679)	(0.266)	(0.399)	(0.416)	(0.231)	(0.363)	(0.381)	(0.171)	(0.157)	(0.209)	(0.697)	(0.716)	(0.711)	(0.603)	(0.528)	(0.594)	(0.309)	(0.349)	(0.345)	(0.456)	(0.651)	(0.692)	(0.190)	(0.472)	(0.466)	(0.175)	(0.379)	(0.351)	(0.185)	(0.147)	(0.169)	(0.387)			(0.363)	(0.873)		(0.634)	(0.848)	(0.835)	(1.020)	(1.273)	(1.147)	(0.435)	(0.811)	(0.823)	(0.603)	(0.994)	(0.976)	(0.403)	(0.619)	(0.606)
_eth2	-0.672	-0.752	-0.746	-0.0452	-0.0773	0.00694	0.0569	0.0201	0.112	-0.119	-0.182	-0.126	0.640***	0.666***	0.528**	0.937***	0.928***	0.912***	0.374***	0.395***	0.341**	0.0599	-0.0671	-0.180	0.856	-0.455*	-0.545	0.732**	0.690***	0.648**	-1.122**	-1.188***	-1.219**	0.862***	0.836***	0.894***	0.689***	0.694***	0.650***	0.225**	0.279***	0.289***	0.473	-0.0597	-0.0928	-0.189	0.912	0.0828	0.0573	-0.0460	-0.368	0.0372	-0.234	-0.291	-0.205	-0.254	-0.128	-1.177*	-1.319**	-1.155*	-0.156	-0.103	-0.141
	(0.570)	(0.557)	(0.539)	(0.531)	(0.537)	(0.557)	(0.475)	(0.467)	(0.446)	(0.484)	(0.476)	(0.559)	(0.245)	(0.249)	(0.269)	(0.206)	(0.205)	(0.229)	(0.106)	(0.0996)	(0.160)	(0.693)	(0.689)	(0.680)	(0.593)	(0.266)	(0.413)	(0.300)	(0.249)	(0.263)	(0.436)	(0.448)	(0.529)	(0.135)	(0.135)	(0.165)	(0.122)	(0.119)	(0.110)	(0.0901)	(0.0974)	(0.105)	(0.393)	(0.433)	(0.482)	(0.334)	(0.695)	(0.505)	(0.648)	(0.731)	(0.709)	(1.043)	(1.131)	(0.987)	(0.457)	(0.512)	(0.481)	(0.606)	(0.654)	(0.677)	(0.429)	(0.480)	(0.425)
_eth3	-0.441	-0.540	-0.467	0.0327	-0.00896	0.127	-0.152	-0.191	-0.0231	-0.279	-0.356	-0.270	1.003***	1.029***	0.868**	1.144***	1.153***	1.100***	0.426	0.459*	0.425	-0.0521	-0.156	-0.189	0.667	-0.638	-0.741	0.616*	0.571*	0.596*	-1.688***	-1.758***	-1.706***	1.127***	1.106***	1.140***	0.827***	0.841***	0.703***	-0.0790	-0.0129	0.0110	0.266	-0.225	-0.149	-0.752	0.362	-0.425	0.173	0.0885	-0.142	-0.481	-0.666	-0.687	-0.140	-0.173	-0.0469	-1.103*	-1.204*	-1.131*	-0.481	-0.439	-0.523
	(0.610)	(0.595)	(0.582)	(0.567)	(0.571)	(0.592)	(0.505)	(0.495)	(0.477)	(0.509)	(0.500)	(0.581)	(0.330)	(0.333)	(0.347)	(0.313)	(0.313)	(0.326)	(0.281)	(0.273)	(0.302)	(0.724)	(0.719)	(0.716)	(0.675)	(0.449)	(0.531)	(0.359)	(0.315)	(0.319)	(0.518)	(0.531)	(0.594)	(0.247)	(0.247)	(0.255)	(0.234)	(0.229)	(0.203)	(0.175)	(0.174)	(0.147)	(0.405)	(0.488)	(0.536)	(0.565)	(0.766)	(0.696)	(0.676)	(0.731)	(0.718)	(1.071)	(1.134)	(1.007)	(0.466)	(0.499)	(0.491)	(0.621)	(0.660)	(0.684)	(0.404)	(0.434)	(0.389)
_eth4	-0.0148	-0.0966	-0.115	-0.0745	-0.111	-0.0325	0.270	0.235	0.371	-0.439	-0.512	-0.463	0.964***	0.984***	0.899***	1.457***	1.495***	1.483***	0.629***	0.659***	0.574***	0.404	0.281	0.266	0.786	-0.520*	-0.584	0.988***	0.938***	1.005***	-1.392***	-1.464***	-1.389**	1.196***	1.189***	1.233***	1.177***	1.217***	1.142***	0.238	0.293	0.360*	0.606	0.0570	0.217	-0.0342	1.010	0.342	0.690	0.558	0.350	-0.0510	-0.299	-0.263	-0.0683	-0.109	0.0115	-1.029	-1.111	-1.010	-0.288	-0.236	-0.0607
	(0.582)	(0.568)	(0.548)	(0.558)	(0.564)	(0.578)	(0.486)	(0.477)	(0.453)	(0.501)	(0.494)	(0.572)	(0.265)	(0.269)	(0.281)	(0.235)	(0.234)	(0.247)	(0.182)	(0.182)	(0.210)	(0.716)	(0.709)	(0.701)	(0.618)	(0.301)	(0.440)	(0.339)	(0.290)	(0.304)	(0.463)	(0.475)	(0.551)	(0.183)	(0.182)	(0.210)	(0.197)	(0.193)	(0.198)	(0.190)	(0.195)	(0.213)	(0.551)	(0.543)	(0.578)	(0.457)	(0.780)	(0.582)	(0.687)	(0.769)	(0.764)	(1.075)	(1.155)	(1.025)	(0.593)	(0.634)	(0.610)	(0.706)	(0.749)	(0.769)	(0.535)	(0.571)	(0.566)
_eth5	-0.883	-0.936	-0.781	-0.750	-0.780	-0.563	-0.0940	-0.0920	0.220	-0.721	-0.792	-0.564	0.719**	0.723**	0.634**	1.060***	1.087***	1.020***	0.328	0.379*	0.359	-0.138	-0.233	-0.170	0.545	-0.758**	-0.789*	0.926***	0.874***	1.012***	-1.806***	-1.874***	-1.700***	1.036***	1.026***	1.061***	0.985***	1.020***	0.893***	0.161	0.220	0.326**	0.267	-0.255	-0.0784	-0.482	0.559	-0.0788	0.314	0.168	0.0446	-0.441	-0.656	-0.570	-0.115	-0.143	-0.0672	-0.816	-0.862	-0.824	-0.0772	-0.0615	-0.0404
	(0.589)	(0.574)	(0.556)	(0.545)	(0.550)	(0.568)	(0.505)	(0.495)	(0.474)	(0.507)	(0.499)	(0.579)	(0.285)	(0.286)	(0.304)	(0.255)	(0.251)	(0.270)	(0.229)	(0.217)	(0.250)	(0.693)	(0.688)	(0.681)	(0.600)	(0.316)	(0.438)	(0.298)	(0.246)	(0.263)	(0.465)	(0.477)	(0.548)	(0.201)	(0.198)	(0.201)	(0.199)	(0.197)	(0.160)	(0.183)	(0.186)	(0.155)	(0.381)	(0.443)	(0.484)	(0.344)	(0.664)	(0.515)	(0.631)	(0.698)	(0.695)	(1.035)	(1.105)	(0.978)	(0.437)	(0.475)	(0.467)	(0.604)	(0.644)	(0.673)	(0.418)	(0.446)	(0.407)
_eth6	-0.827	-0.829	-0.728	-0.225	-0.236	-0.0600	0.230	0.261	0.499	-0.121	-0.160	0.0177	0.647**	0.654**	0.537*	0.777***	0.807***	0.751***	0.315	0.380*	0.316	-0.180	-0.214	-0.185	0.769	-0.524*	-0.564	1.322***	1.301***	1.392***	-1.247***	-1.301***	-1.178**	0.953***	0.965***	1.008***	0.835***	0.881***	0.759***	0.312	0.398	0.475*	0.215	-0.293	-0.120	-0.759**	0.296	-0.334	0.600	0.472	0.344	0.115	-0.0595	-0.0135	-0.0337	-0.0463	0.0682	-0.870	-0.894	-0.843	-0.0104	-0.00808	0.0637
	(0.624)	(0.607)	(0.585)	(0.564)	(0.567)	(0.584)	(0.539)	(0.527)	(0.501)	(0.539)	(0.527)	(0.597)	(0.299)	(0.302)	(0.315)	(0.284)	(0.279)	(0.291)	(0.208)	(0.200)	(0.233)	(0.709)	(0.706)	(0.696)	(0.609)	(0.317)	(0.445)	(0.343)	(0.300)	(0.311)	(0.457)	(0.469)	(0.543)	(0.199)	(0.199)	(0.216)	(0.244)	(0.236)	(0.223)	(0.259)	(0.252)	(0.248)	(0.423)	(0.458)	(0.500)	(0.359)	(0.681)	(0.539)	(0.658)	(0.725)	(0.713)	(1.034)	(1.102)	(0.971)	(0.467)	(0.494)	(0.478)	(0.629)	(0.665)	(0.692)	(0.474)	(0.502)	(0.460)
_eth7	-0.493	-0.570	-0.396	0.101	0.0626	0.292	0.480	0.466	0.793*	-0.0252	-0.0991	0.152	0.652**	0.657**	0.574*	0.668**	0.700**	0.633**	0.524*	0.563**	0.506	-0.120	-0.217	-0.118	0.887	-0.412	-0.404	0.989***	0.937***	1.081***	-1.376***	-1.446***	-1.207**	1.331***	1.328***	1.317***	1.103***	1.150***	1.056***	0.407	0.462	0.614	0.193	-0.331	-0.237		1.019	0.409	0.353	0.226	0.118	0.301	0.0743	0.176	-0.0300	-0.0507	0.0134	-1.044	-1.066	-0.995	-0.198	-0.192	-0.141
	(0.594)	(0.581)	(0.562)	(0.553)	(0.558)	(0.575)	(0.492)	(0.482)	(0.466)	(0.523)	(0.517)	(0.599)	(0.319)	(0.321)	(0.337)	(0.294)	(0.290)	(0.306)	(0.290)	(0.282)	(0.321)	(0.713)	(0.709)	(0.704)	(0.663)	(0.414)	(0.528)	(0.357)	(0.309)	(0.348)	(0.472)	(0.484)	(0.569)	(0.350)	(0.344)	(0.355)	(0.419)	(0.417)	(0.404)	(0.397)	(0.405)	(0.420)	(0.468)	(0.492)	(0.536)		(0.715)	(0.625)	(0.719)	(0.776)	(0.758)	(1.040)	(1.109)	(0.973)	(0.516)	(0.541)	(0.533)	(0.715)	(0.747)	(0.768)	(0.397)	(0.427)	(0.374)
_eth8	-1.086*	-1.182**	-1.215**	-0.911	-0.953	-0.975	-0.439	-0.490	-0.481	-1.189*	-1.268*	-1.338*	0.715**	0.729**	0.621*	1.096***	1.087***	1.077***	0.313	0.326	0.280	0.129	-0.0312	-0.0459	-0.135	-1.460***	-1.525***	0.540	0.476	0.517	-2.347***	-2.429***	-2.433***	0.667**	0.626**	0.680**	0.746**	0.733***	0.664**	-0.0210	0.0289	0.0547	0.898	0.378	0.321	-0.383	0.727	-0.193	-0.104	-0.163	-0.549	-0.0141	-0.287	-0.456	-0.420	-0.489	-0.357	-0.640	-0.780	-0.624	-0.118	-0.0515	-0.0745
	(0.611)	(0.595)	(0.582)	(0.644)	(0.654)	(0.667)	(0.518)	(0.512)	(0.485)	(0.651)	(0.655)	(0.709)	(0.327)	(0.332)	(0.347)	(0.294)	(0.290)	(0.295)	(0.265)	(0.260)	(0.263)	(0.721)	(0.716)	(0.708)	(0.728)	(0.489)	(0.580)	(0.455)	(0.441)	(0.434)	(0.613)	(0.637)	(0.700)	(0.284)	(0.283)	(0.308)	(0.290)	(0.284)	(0.272)	(0.162)	(0.163)	(0.179)	(0.580)	(0.595)	(0.671)	(0.443)	(0.746)	(0.614)	(0.731)	(0.791)	(0.755)	(1.099)	(1.174)	(1.038)	(0.556)	(0.599)	(0.552)	(0.804)	(0.854)	(0.880)	(0.494)	(0.539)	(0.500)
_eth9	-0.400	-0.450	-0.305	-0.687	-0.725	-0.441	0.396	0.377	0.729	-0.557	-0.644	-0.380	0.424	0.440	0.324	1.023***	1.038***	0.950***	0.0619	0.114	0.0791	0.298	0.210	0.235	0.732	-0.575	-0.625	1.152***	1.089***	1.175***	-1.828***	-1.908***	-1.770***	0.881***	0.870***	0.925***	0.999***	1.037***	0.914***	0.174	0.256	0.342	0.438	-0.0418	0.142	-0.320	0.756	0.141	0.316	0.188	0.0516	-0.295	-0.493	-0.423	-0.365	-0.395	-0.279	-0.859	-0.919	-0.881	0.0366	0.0542	0.111
	(0.632)	(0.606)	(0.600)	(0.659)	(0.667)	(0.642)	(0.534)	(0.523)	(0.519)	(0.591)	(0.585)	(0.632)	(0.334)	(0.334)	(0.345)	(0.324)	(0.315)	(0.336)	(0.296)	(0.279)	(0.312)	(0.708)	(0.700)	(0.698)	(0.697)	(0.455)	(0.527)	(0.338)	(0.291)	(0.317)	(0.488)	(0.503)	(0.569)	(0.240)	(0.237)	(0.240)	(0.258)	(0.256)	(0.231)	(0.236)	(0.238)	(0.221)	(0.389)	(0.477)	(0.512)	(0.358)	(0.644)	(0.563)	(0.635)	(0.698)	(0.694)	(1.011)	(1.074)	(0.947)	(0.412)	(0.443)	(0.428)	(0.627)	(0.668)	(0.695)	(0.431)	(0.445)	(0.402)
_eth11	-0.633	-0.694	-0.835	0.345	0.334	0.281				0.397	0.358	0.131										0.215	0.168	0.0899	1.283**			1.094***	1.124***	1.141***																																	
	(0.593)	(0.579)	(0.566)	(0.585)	(0.592)	(0.614)				(0.650)	(0.648)	(0.712)										(0.894)	(0.886)	(0.904)	(0.652)			(0.322)	(0.272)	(0.308)																																	
_eth12	-0.896	-0.959	-0.898	-0.351	-0.372	-0.248	0.0852	0.0848	0.250	-0.353	-0.400	-0.337	0.373	0.373	0.273	1.049***	1.070***	1.039***	0.216	0.236	0.225	-0.408	-0.484	-0.468	1.217*	-0.0701	-0.123	1.132***	1.110***	1.172***	-1.137**	-1.182**	-1.094*	0.972***	0.976***	1.028***	0.658**	0.700**	0.617**	0.0883	0.132	0.240	0.345	-0.114	0.0455	0.182	1.264**	0.656	1.085*	1.007	0.878	0.632	0.528	0.562	-0.0934	-0.107	-0.0832	-0.929	-0.943	-0.912	-0.0623	-0.0345	-0.0890
	(0.643)	(0.628)	(0.621)	(0.563)	(0.571)	(0.586)	(0.512)	(0.505)	(0.481)	(0.537)	(0.533)	(0.597)	(0.330)	(0.331)	(0.339)	(0.331)	(0.337)	(0.341)	(0.184)	(0.183)	(0.202)	(0.711)	(0.704)	(0.694)	(0.676)	(0.452)	(0.548)	(0.376)	(0.336)	(0.342)	(0.502)	(0.515)	(0.575)	(0.302)	(0.296)	(0.310)	(0.303)	(0.299)	(0.285)	(0.256)	(0.261)	(0.240)	(0.329)	(0.630)	(0.631)	(0.430)	(0.581)	(0.674)	(0.639)	(0.683)	(0.672)	(0.998)	(1.050)	(0.903)	(0.400)	(0.412)	(0.412)	(0.639)	(0.674)	(0.710)	(0.357)	(0.379)	(0.328)
motherage	-1.277*	-1.348**	-1.256**	-1.617***	-1.658***	-1.604***	-0.590	-0.668	-0.574	-1.321**	-1.375**	-1.312**	0.359	0.325	0.362	0.382	0.362	0.346	-0.722	-0.760	-0.610	-2.002	-2.076*	-1.914	-1.769	-1.842	-1.437	-1.596	-1.687	-1.345	0.304	0.184	0.323	-1.650	-1.620	-1.695	0.489	0.493	0.421	-0.929	-0.891	-1.056	-1.975	-2.217	-2.556*	0.734	0.426	0.396	-0.130	-0.668	-0.823	1.134	0.607	0.554	-0.853	-0.802	-0.768	-1.638	-1.678	-1.823	-1.321	-1.469	-1.675
	(0.658)	(0.633)	(0.626)	(0.563)	(0.560)	(0.551)	(0.615)	(0.605)	(0.607)	(0.581)	(0.579)	(0.587)	(0.575)	(0.572)	(0.570)	(0.579)	(0.578)	(0.577)	(0.631)	(0.618)	(0.609)	(1.230)	(1.191)	(1.175)	(1.306)	(1.301)	(1.258)	(1.128)	(1.106)	(1.108)	(1.044)	(1.044)	(1.005)	(1.093)	(1.094)	(1.083)	(1.020)	(1.026)	(1.021)	(1.124)	(1.114)	(1.101)	(1.416)	(1.432)	(1.391)	(2.129)	(2.120)	(2.025)	(1.802)	(1.830)	(1.766)	(1.987)	(2.026)	(1.985)	(1.677)	(1.706)	(1.736)	(1.601)	(1.625)	(1.573)	(1.928)	(1.949)	(1.988)
motheragesq	0.0412*	0.0433**	0.0396*	0.0579***	0.0593***	0.0569***	0.0224	0.0251	0.0211	0.0454**	0.0470**	0.0440**	-0.0135	-0.0125	-0.0142	-0.0114	-0.0108	-0.0104	0.0200	0.0210	0.0156	0.0659	0.0681	0.0616	0.0690	0.0711	0.0561	0.0582	0.0611	0.0480	-0.0112	-0.00705	-0.0124	0.0552	0.0542	0.0568	-0.0236	-0.0236	-0.0211	0.0265	0.0250	0.0308	0.0714	0.0805	0.0934*	-0.0167	-0.00360	-0.00384	0.00104	0.0229	0.0280	-0.0308	-0.00767	-0.00547	0.0243	0.0225	0.0215	0.0640	0.0656	0.0699	0.0393	0.0446	0.0500
	(0.0222)	(0.0215)	(0.0212)	(0.0194)	(0.0193)	(0.0191)	(0.0214)	(0.0211)	(0.0210)	(0.0204)	(0.0203)	(0.0205)	(0.0205)	(0.0204)	(0.0204)	(0.0206)	(0.0205)	(0.0204)	(0.0221)	(0.0217)	(0.0214)	(0.0454)	(0.0440)	(0.0436)	(0.0474)	(0.0472)	(0.0458)	(0.0417)	(0.0409)	(0.0410)	(0.0389)	(0.0389)	(0.0375)	(0.0411)	(0.0411)	(0.0406)	(0.0375)	(0.0377)	(0.0376)	(0.0416)	(0.0413)	(0.0408)	(0.0545)	(0.0552)	(0.0535)	(0.0804)	(0.0804)	(0.0764)	(0.0688)	(0.0702)	(0.0673)	(0.0758)	(0.0778)	(0.0761)	(0.0647)	(0.0659)	(0.0672)	(0.0609)	(0.0618)	(0.0601)	(0.0704)	(0.0713)	(0.0726)
motheragecub	-0.000431*	-0.000452*	-0.000408*	-0.000649***	-0.000664***	-0.000637***	-0.000262	-0.000292	-0.000242	-0.000499**	-0.000514**	-0.000477**	0.000145	0.000135	0.000160	8.14e-05	7.50e-05	7.20e-05	-0.000176	-0.000184	-0.000122	-0.000727	-0.000746	-0.000659	-0.000881	-0.000897	-0.000715	-0.000701	-0.000728	-0.000564	0.000122	7.76e-05	0.000144	-0.000607	-0.000595	-0.000627	0.000312	0.000310	0.000283	-0.000264	-0.000244	-0.000311	-0.000805	-0.000910	-0.00106	0.000122	-4.93e-05	-2.83e-05	6.43e-05	-0.000208	-0.000255	0.000271	-4.79e-05	-7.73e-05	-0.000253	-0.000230	-0.000224	-0.000838	-0.000857	-0.000902	-0.000413	-0.000473	-0.000521
	(0.000241)	(0.000233)	(0.000230)	(0.000213)	(0.000212)	(0.000209)	(0.000238)	(0.000235)	(0.000234)	(0.000227)	(0.000226)	(0.000229)	(0.000231)	(0.000229)	(0.000229)	(0.000230)	(0.000230)	(0.000229)	(0.000243)	(0.000239)	(0.000236)	(0.000547)	(0.000530)	(0.000527)	(0.000562)	(0.000558)	(0.000544)	(0.000503)	(0.000494)	(0.000497)	(0.000471)	(0.000469)	(0.000454)	(0.000504)	(0.000503)	(0.000498)	(0.000451)	(0.000452)	(0.000452)	(0.000504)	(0.000500)	(0.000493)	(0.000678)	(0.000687)	(0.000665)	(0.000988)	(0.000990)	(0.000937)	(0.000852)	(0.000871)	(0.000829)	(0.000934)	(0.000960)	(0.000938)	(0.000811)	(0.000825)	(0.000842)	(0.000758)	(0.000767)	(0.000749)	(0.000840)	(0.000850)	(0.000866)
agefirstbirth	-0.00921	-0.00941	-0.0102	0.00613	0.00524	0.00768	0.00468	0.00340	0.00374	0.0163	0.0150	0.0174	0.00725	0.00763	0.00622	0.00239	0.00269	0.00308	-0.0111	-0.00987	-0.0145	0.0296***	0.0257***	0.00645	0.0269***	0.0239***	0.0105	0.0444***	0.0389***	0.0207**	0.0270***	0.0220***	0.00701	0.00520	0.00514	0.00672	0.00332	0.00476	0.00777	0.00129	0.00380	-0.00351	0.0276**	0.0230**	0.000675	0.0300***	0.0241*	0.00634	0.0334***	0.0238*	0.00516	0.0173	0.00971	-0.00123	-0.00804	-0.00694	-0.00131	-0.0380***	-0.0366***	-0.0319***	-0.00565	-0.00878	-0.0154
	(0.0125)	(0.0122)	(0.0120)	(0.0117)	(0.0113)	(0.0109)	(0.0117)	(0.0115)	(0.0112)	(0.0138)	(0.0136)	(0.0141)	(0.0134)	(0.0132)	(0.0133)	(0.0124)	(0.0122)	(0.0124)	(0.0157)	(0.0157)	(0.0157)	(0.00768)	(0.00783)	(0.00758)	(0.00861)	(0.00872)	(0.00831)	(0.00803)	(0.00811)	(0.00804)	(0.00721)	(0.00732)	(0.00703)	(0.00839)	(0.00846)	(0.00836)	(0.00845)	(0.00857)	(0.00842)	(0.00925)	(0.00932)	(0.00893)	(0.0109)	(0.0114)	(0.0105)	(0.0112)	(0.0124)	(0.0126)	(0.0129)	(0.0142)	(0.0137)	(0.0137)	(0.0152)	(0.0143)	(0.0118)	(0.0124)	(0.0122)	(0.00970)	(0.0103)	(0.0103)	(0.0108)	(0.0114)	(0.0114)
miss_motherage	-13.21**	-13.89**	-13.14**	-14.76***	-15.14***	-14.37***	-5.156	-5.784	-4.620	-11.86**	-12.43**	-11.71**	1.709	1.299	1.698	3.921	3.742	3.516	-7.785	-8.170	-6.838	-20.23*	-21.19**	-19.67*	-15.82	-16.61	-12.89	-14.71	-15.70	-12.57	2.058	0.870	2.348	-16.53*	-16.27*	-16.99*	2.888	2.951	2.227	-10.39	-10.19	-11.58		-15.67	-18.45	11.49	9.052	8.327															
	(6.443)	(6.170)	(6.089)	(5.329)	(5.298)	(5.215)	(5.825)	(5.725)	(5.764)	(5.386)	(5.370)	(5.487)	(5.219)	(5.203)	(5.199)	(5.323)	(5.326)	(5.330)	(5.819)	(5.680)	(5.620)	(10.85)	(10.50)	(10.32)	(11.72)	(11.70)	(11.27)	(9.948)	(9.751)	(9.774)	(9.091)	(9.101)	(8.756)	(9.477)	(9.504)	(9.419)	(9.025)	(9.095)	(9.048)	(9.872)	(9.787)	(9.699)		(12.73)	(12.36)	(19.45)	(19.27)	(18.39)															
height		0.598**	0.442		0.375	0.193		0.621**	0.433*		0.591**	0.426		-0.0585	-0.0412		0.175	0.228		0.0176	-0.0535		0.709**	0.406		0.372	0.169		0.757**	0.473		0.623*	0.382		0.410	0.416		0.248	0.292		-0.323	-0.433		0.216	-0.118		0.176	0.0167		0.837	0.662		0.876*	0.676		0.190	0.227		0.451	0.530		-0.0602	-0.203
		(0.291)	(0.283)		(0.276)	(0.271)		(0.265)	(0.258)		(0.298)	(0.299)		(0.298)	(0.297)		(0.292)	(0.293)		(0.298)	(0.299)		(0.351)	(0.342)		(0.383)	(0.384)		(0.335)	(0.336)		(0.322)	(0.328)		(0.354)	(0.366)		(0.340)	(0.343)		(0.363)	(0.370)		(0.415)	(0.409)		(0.531)	(0.527)		(0.518)	(0.504)		(0.522)	(0.516)		(0.488)	(0.491)		(0.496)	(0.499)		(0.600)	(0.597)
daily_cig_before_preg		-0.00235	0.00242		-0.00329	0.00174		-0.00310	0.00266		-0.00393	0.000979		-0.00315	-0.00289		0.00169	-1.13e-05		0.00192	0.00416		-0.00601*	0.000117		-0.00440	-0.000482		-0.00920***	-0.00272		-0.00787**	-0.00209		0.00106	0.00129		0.00348	0.00176		0.00258	0.00558		-0.00741	0.00108		-0.0131***	-0.00549		-0.0154***	-0.00764		-0.00957**	-0.00401		0.00334	0.00197		0.00835*	0.00466		-0.00668	-0.00295
		(0.00282)	(0.00290)		(0.00289)	(0.00294)		(0.00292)	(0.00294)		(0.00311)	(0.00330)		(0.00327)	(0.00339)		(0.00337)	(0.00350)		(0.00341)	(0.00350)		(0.00324)	(0.00333)		(0.00398)	(0.00399)		(0.00340)	(0.00346)		(0.00334)	(0.00345)		(0.00370)	(0.00377)		(0.00367)	(0.00373)		(0.00401)	(0.00411)		(0.00474)	(0.00505)		(0.00504)	(0.00519)		(0.00543)	(0.00561)		(0.00486)	(0.00519)		(0.00473)	(0.00500)		(0.00476)	(0.00509)		(0.00439)	(0.00454)
weekly_alcohol_b_preg		-0.00718**	-0.00634**		-0.00137	-0.000276		-0.000956	0.000616		-0.00622*	-0.00491		-0.00472	-0.00428		-0.000556	-0.000892		-0.00707***	-0.00632***		0.000500	0.00102		0.00234	0.00193		-0.00248	-0.00265		0.000126	0.000424		-0.00336	-0.00280		0.000206	2.96e-05		-0.00139	-0.000906		0.00340	0.00413		-0.00633	-0.00684		-0.00481	-0.00529		0.00113	0.000278		-0.00406	-0.00351		0.00412	0.00418		0.00216	0.00160
		(0.00306)	(0.00305)		(0.00253)	(0.00263)		(0.00263)	(0.00254)		(0.00374)	(0.00373)		(0.00288)	(0.00288)		(0.00302)	(0.00306)		(0.00244)	(0.00245)		(0.00294)	(0.00279)		(0.00329)	(0.00317)		(0.00296)	(0.00287)		(0.00360)	(0.00339)		(0.00311)	(0.00313)		(0.00333)	(0.00337)		(0.00401)	(0.00394)		(0.00385)	(0.00374)		(0.00472)	(0.00457)		(0.00444)	(0.00434)		(0.00653)	(0.00642)		(0.00494)	(0.00480)		(0.00498)	(0.00511)		(0.00549)	(0.00522)
complications_during_preg		-0.0455	-0.0489		-0.0468	-0.0537		0.000270	-0.00841		-0.0514	-0.0657		0.0227	0.0158		0.116***	0.117***		0.0999**	0.106**		-0.0185	-0.0312		-0.000947	0.00196		-0.0449	-0.0495		-0.0438	-0.0575		0.0363	0.0336		0.103**	0.106**		0.0671	0.0591		0.0444	0.00943		0.0674	0.0326		0.0546	0.0259		0.168**	0.126*		0.0359	0.0291		0.00495	0.0133		0.0573	0.0334
		(0.0426)	(0.0425)		(0.0393)	(0.0387)		(0.0401)	(0.0397)		(0.0438)	(0.0441)		(0.0429)	(0.0429)		(0.0426)	(0.0426)		(0.0480)	(0.0483)		(0.0471)	(0.0458)		(0.0537)	(0.0530)		(0.0475)	(0.0470)		(0.0472)	(0.0472)		(0.0491)	(0.0501)		(0.0485)	(0.0493)		(0.0537)	(0.0539)		(0.0677)	(0.0670)		(0.0786)	(0.0776)		(0.0819)	(0.0800)		(0.0747)	(0.0748)		(0.0730)	(0.0736)		(0.0722)	(0.0722)		(0.0770)	(0.0750)
miss_height		0.533	0.325		0.432	0.233		0.704	0.492		0.742	0.567		-0.190	-0.160		0.332	0.416		-0.217	-0.372		0.699	0.272		0.549	0.278		1.014*	0.613		0.878	0.552		0.589	0.615		0.443	0.539		-0.708	-0.855		0.0535	-0.448		0.00101	-0.282		1.168	0.860		1.085	0.841		0.260	0.364		0.702	0.814		0.0215	-0.165
		(0.509)	(0.501)		(0.486)	(0.479)		(0.476)	(0.467)		(0.562)	(0.564)		(0.516)	(0.512)		(0.518)	(0.519)		(0.511)	(0.514)		(0.624)	(0.612)		(0.650)	(0.646)		(0.576)	(0.575)		(0.554)	(0.563)		(0.607)	(0.626)		(0.589)	(0.596)		(0.636)	(0.650)		(0.710)	(0.696)		(0.865)	(0.853)		(0.853)	(0.823)		(0.835)	(0.815)		(0.797)	(0.799)		(0.817)	(0.822)		(0.993)	(0.984)
miss_daily_cig_before_preg		-0.925***	-0.949***		-0.480**	-0.616***		0.631***	0.461***		-0.654***	-0.733***		-1.497***	-1.577***		-1.502***	-1.460***		-0.414**	-0.476**		0.124	0.104		0.815*	0.735		0.172	0.123		-0.121	-0.143		0.0252	-0.0117		0.0605	-0.00404		0.486**	0.473**		-3.706***	-3.137***		-0.0993	-0.0192		0.353	0.420		-1.080**	-1.040**		0.0935	0.0431		0.219	0.141		0.338	0.292
		(0.180)	(0.180)		(0.214)	(0.198)		(0.152)	(0.148)		(0.183)	(0.169)		(0.155)	(0.158)		(0.158)	(0.159)		(0.194)	(0.202)		(0.229)	(0.223)		(0.479)	(0.448)		(0.269)	(0.238)		(0.496)	(0.469)		(0.471)	(0.452)		(0.384)	(0.354)		(0.193)	(0.199)		(0.360)	(0.380)		(0.485)	(0.539)		(0.362)	(0.372)		(0.483)	(0.463)		(0.589)	(0.623)		(0.751)	(0.712)		(0.356)	(0.398)
miss_weekly_alcohol_b_preg		0.375	0.523*		0.200	0.308		-1.116***	-0.928***		0.382	0.506		1.917***	1.989***		1.760***	1.688***		0.698***	0.916***																							3.842***	3.387***																		
		(0.302)	(0.307)		(0.435)	(0.425)		(0.337)	(0.308)		(0.431)	(0.447)		(0.356)	(0.360)		(0.351)	(0.355)		(0.249)	(0.261)																							(0.616)	(0.663)																		
_mother_edu1			-0.559***			-0.726***			-0.667***			-0.891***			0.227*			0.134			0.0130			-0.578***			-0.426***			-0.350**			-0.607***			0.226			0.0541			-0.124			-0.576***			-0.595**			-0.776***			-0.505**			0.371			0.394**			0.240
			(0.120)			(0.129)			(0.112)			(0.147)			(0.123)			(0.127)			(0.138)			(0.115)			(0.145)			(0.137)			(0.131)			(0.138)			(0.130)			(0.140)			(0.212)			(0.254)			(0.295)			(0.256)			(0.266)			(0.195)			(0.173)
_mother_edu2			-0.561***			-0.659***			-0.561***			-0.748***			0.291**			0.212*			0.00777			-0.499***			-0.474***			-0.369***			-0.497***			0.205			0.150			0.0870			-0.717***			-0.570**			-0.842***			-0.475*			0.400			0.500**			0.490**
			(0.106)			(0.118)			(0.110)			(0.127)			(0.128)			(0.122)			(0.143)			(0.112)			(0.145)			(0.134)			(0.131)			(0.142)			(0.131)			(0.148)			(0.230)			(0.266)			(0.298)			(0.271)			(0.275)			(0.213)			(0.204)
_mother_edu3			-0.432***			-0.383***			-0.350***			-0.566***			0.191*			0.0277			-0.0988			-0.354***			-0.271**			-0.201*			-0.254**			0.0922			0.00396			-0.0212			-0.393*			-0.333			-0.677**			-0.272			0.284			0.242			0.349**
			(0.0923)			(0.103)			(0.0953)			(0.119)			(0.109)			(0.105)			(0.127)			(0.0933)			(0.112)			(0.114)			(0.108)			(0.120)			(0.106)			(0.118)			(0.210)			(0.249)			(0.289)			(0.252)			(0.262)			(0.180)			(0.170)
_mother_edu4			-0.305***			-0.366***			-0.301***			-0.523***			0.174			0.0440			-0.0123			-0.236**			-0.329***			-0.240**			-0.269**			0.245**			0.0312			0.138			-0.310			-0.324			-0.519*			-0.361			0.401			0.228			0.430**
			(0.0936)			(0.103)			(0.0945)			(0.122)			(0.111)			(0.107)			(0.129)			(0.0976)			(0.114)			(0.115)			(0.115)			(0.122)			(0.108)			(0.130)			(0.212)			(0.244)			(0.288)			(0.253)			(0.267)			(0.185)			(0.174)
_mother_edu5			-0.219***			-0.193**			-0.156**			-0.284***			0.270***			0.0476			0.0340			-0.119			-0.115			-0.00782			-0.139			0.169			0.0842			0.110			-0.00621			-0.231			-0.387			-0.113			0.272			0.335*			0.495***
			(0.0700)			(0.0836)			(0.0703)			(0.0832)			(0.0926)			(0.0854)			(0.102)			(0.0852)			(0.100)			(0.103)			(0.0995)			(0.111)			(0.0967)			(0.110)			(0.204)			(0.234)			(0.275)			(0.238)			(0.255)			(0.175)			(0.163)
_mother_edu7			-0.494***			-0.367***			-0.550***			-0.763***			0.137			0.0634			0.274			-0.546***			-0.170			-0.367**			-0.636***			0.338*			0.272			-0.0234			-0.363			-0.216			-0.654*			-0.391			0.255			0.506**			0.731***
			(0.150)			(0.142)			(0.160)			(0.151)			(0.168)			(0.165)			(0.237)			(0.153)			(0.184)			(0.168)			(0.164)			(0.180)			(0.175)			(0.192)			(0.242)			(0.273)			(0.335)			(0.297)			(0.287)			(0.226)			(0.240)
_inc1			0.383			0.00775			-0.160			0.300			-0.304			-0.268			0.294			0.0187			-0.249			-0.250			0.147			-0.239			-0.284			0.00548			-0.0330			0.479			0.546			-0.567			-0.242			0.136			-0.347
			(0.272)			(0.288)			(0.236)			(0.412)			(0.259)			(0.280)			(0.429)			(0.331)			(0.370)			(0.271)			(0.332)			(0.248)			(0.245)			(0.338)			(0.289)			(0.468)			(0.375)			(0.527)			(0.387)			(0.423)			(0.228)
_inc2			-0.170*			-0.109			-0.256***			-0.0855			-0.0772			0.0266			-0.132			-0.251***			-0.0807			-0.303***			-0.168			-0.0304			0.180*			-0.105			-0.266**			-0.178			-0.228			-0.0744			0.0770			0.313**			-0.283*
			(0.0899)			(0.0969)			(0.0932)			(0.135)			(0.0956)			(0.103)			(0.107)			(0.0964)			(0.107)			(0.0967)			(0.106)			(0.109)			(0.104)			(0.118)			(0.129)			(0.154)			(0.148)			(0.150)			(0.148)			(0.125)			(0.153)
_inc3			-0.141*			0.00934			-0.198**			-0.0230			-0.144*			-0.0129			-0.203**			-0.302***			-0.0859			-0.305***			-0.198**			0.00347			0.0746			-0.233**			-0.192			-0.169			-0.236*			-0.0250			0.253*			0.274**			-0.136
			(0.0808)			(0.0859)			(0.0874)			(0.111)			(0.0858)			(0.0868)			(0.0969)			(0.0857)			(0.0937)			(0.0861)			(0.0895)			(0.0967)			(0.0906)			(0.101)			(0.122)			(0.142)			(0.140)			(0.140)			(0.136)			(0.117)			(0.143)
_inc4			-0.0410			-0.0362			-0.0492			0.0280			0.0368			-0.0639			-0.0493			-0.201***			-0.131*			-0.140**			-0.0661			0.0757			0.0143			-0.0937			-0.0459			0.0642			-0.0259			0.0518			0.134			0.208*			-0.0649
			(0.0609)			(0.0565)			(0.0562)			(0.0696)			(0.0670)			(0.0649)			(0.0741)			(0.0687)			(0.0737)			(0.0704)			(0.0705)			(0.0779)			(0.0709)			(0.0876)			(0.122)			(0.145)			(0.145)			(0.128)			(0.138)			(0.119)			(0.161)
_inc6			0.0950*			0.0921*			0.0252			-0.0333			-0.0820			-0.106*			0.0612			0.0218			0.200***			0.161**			0.0660			-0.0675			-0.00144			-0.0260			0.201			0.336**			0.222			0.168			0.0524			0.210			-0.0651
			(0.0489)			(0.0496)			(0.0481)			(0.0592)			(0.0604)			(0.0569)			(0.0652)			(0.0670)			(0.0702)			(0.0671)			(0.0750)			(0.0802)			(0.0738)			(0.0922)			(0.144)			(0.160)			(0.154)			(0.158)			(0.161)			(0.145)			(0.204)
_yb37				-2.962***	-2.875***	-2.895***							-0.0494	-0.135	-0.0921	-0.706	-0.796	-0.928	-5.088***	-5.284***	-4.980***	1.446***	1.546***	1.546**	0.131	0.227	0.260	-1.777	-1.577	-1.085	0.835***	0.941***	1.050**	-1.245*	-1.267*	-1.401*	-0.797	-0.791	-0.781	-0.126	-0.170	-0.207																					
				(1.022)	(1.021)	(1.065)							(1.166)	(1.163)	(1.187)	(1.194)	(1.181)	(1.212)	(1.103)	(1.075)	(1.114)	(0.535)	(0.567)	(0.611)	(0.528)	(0.560)	(0.577)	(2.081)	(2.090)	(2.117)	(0.318)	(0.350)	(0.473)	(0.741)	(0.759)	(0.761)	(0.690)	(0.666)	(0.698)	(0.193)	(0.208)	(0.225)																					
_country3							-0.0334	-0.0350	-0.0266				0.369***	0.374***	0.371***	0.360***	0.347***	0.339***	0.316***	0.309***	0.314***				-0.0325	-0.0432	-0.0420	-0.00620	-0.00689	-0.00893													0.106	0.0709	0.0756							-0.167	-0.225	-0.218	0.0641	0.0552	0.0580	0.00799	-0.00921	-0.00811	-0.0866	-0.0916	-0.0999
							(0.0979)	(0.0975)	(0.0949)				(0.0934)	(0.0932)	(0.0924)	(0.0916)	(0.0915)	(0.0912)	(0.106)	(0.106)	(0.104)				(0.107)	(0.107)	(0.107)	(0.128)	(0.127)	(0.125)													(0.153)	(0.153)	(0.148)							(0.195)	(0.200)	(0.197)	(0.162)	(0.166)	(0.166)	(0.170)	(0.174)	(0.173)	(0.148)	(0.151)	(0.148)
_dob_m12							0.0601	0.0742		0.234																		-0.101	-0.0967	-0.132	-0.0461	-0.0359	-0.0815	0.289*	0.286*	0.305*	0.170	0.169	0.197	-0.0432	-0.0604	-0.0643	-0.295*	-0.313*	-0.237	-0.256	-0.248	-0.197	-0.165	-0.210	-0.265	-0.138	-0.133	-0.0902	-0.0427	-0.0598	-0.0729	-0.0310	-0.0518	-0.0192	-0.360	-0.372	-0.336
							(0.125)	(0.124)		(0.152)																		(0.151)	(0.150)	(0.149)	(0.155)	(0.157)	(0.160)	(0.173)	(0.173)	(0.175)	(0.166)	(0.167)	(0.169)	(0.184)	(0.185)	(0.186)	(0.169)	(0.166)	(0.164)	(0.165)	(0.169)	(0.163)	(0.217)	(0.227)	(0.225)	(0.163)	(0.166)	(0.161)	(0.235)	(0.236)	(0.237)	(0.222)	(0.227)	(0.229)	(0.274)	(0.276)	(0.280)
_dob_y1							0.137	0.142	0.146				-0.216	-0.206	-0.227	-0.150	-0.159	-0.192	-0.181	-0.177	-0.187	-0.517	-0.556	-0.515				0.0471	0.0404	0.118				-0.210	-0.206	-0.212	-0.547	-0.555	-0.584	-0.120	-0.103	-0.0458				0.812	0.919	0.970*			0.900	0.740**	0.820**	0.868**	-1.138***	-1.110***	-1.201***	-1.908***	-1.933***	-2.153***	0.462	0.496	0.503
							(0.291)	(0.293)	(0.282)				(0.333)	(0.332)	(0.329)	(0.312)	(0.312)	(0.318)	(0.272)	(0.274)	(0.283)	(0.364)	(0.357)	(0.320)				(0.355)	(0.356)	(0.336)				(0.366)	(0.366)	(0.369)	(0.389)	(0.390)	(0.392)	(0.384)	(0.383)	(0.387)				(0.581)	(0.592)	(0.577)			(0.624)	(0.374)	(0.410)	(0.407)	(0.359)	(0.358)	(0.364)	(0.337)	(0.345)	(0.340)	(0.379)	(0.388)	(0.368)
_eth10							0.0136	0.0276	0.118				1.714***	1.733***	1.595***	2.246***	2.245***	2.200***	0.0195	0.0602	-0.0467					-1.297**	-1.330*				-0.995	-1.034	-0.951	0.982	0.990	0.981	0.828	0.841	0.799	-0.0902	-0.00153	0.0544		-0.380	-0.0793	-1.179*		-0.466															
							(0.567)	(0.556)	(0.509)				(0.344)	(0.348)	(0.374)	(0.358)	(0.369)	(0.385)	(0.154)	(0.166)	(0.280)					(0.659)	(0.682)				(0.872)	(0.836)	(0.863)	(0.694)	(0.693)	(0.662)	(0.651)	(0.620)	(0.583)	(0.191)	(0.193)	(0.204)		(0.664)	(0.644)	(0.699)		(0.913)															
Constant	13.88**	13.82**	13.98**	16.41***	16.22***	16.59***	4.307	4.110	4.354	12.42**	12.40**	12.95**	-3.907	-3.422	-3.667	-3.115	-3.122	-2.974	10.54*	11.01*	9.717*	18.41*	18.25*	18.16*	14.76	16.24	13.71	14.80	14.50	12.15	-3.202	-2.971	-3.204	14.96	14.09	14.64	-1.497	-2.016	-1.568	8.591	8.640	10.28	13.44	16.05	20.24	-12.73	-11.45	-8.958	0.801	0.225	0.674	0.772	0.380	1.362	0.811	0.612	-0.0186	6.266***	5.941***	5.301***	0.974	1.062	1.179
	(5.888)	(5.569)	(5.515)	(5.503)	(5.462)	(5.416)	(5.556)	(5.437)	(5.482)	(5.309)	(5.278)	(5.347)	(5.357)	(5.301)	(5.309)	(5.446)	(5.413)	(5.435)	(6.049)	(5.848)	(5.799)	(10.27)	(9.786)	(9.633)	(11.10)	(11.02)	(10.61)	(10.80)	(10.55)	(10.58)	(8.749)	(8.793)	(8.467)	(9.187)	(9.174)	(9.056)	(8.739)	(8.759)	(8.673)	(9.622)	(9.531)	(9.395)	(12.96)	(13.05)	(12.60)	(19.98)	(19.93)	(18.91)	(2.136)	(2.395)	(2.353)	(2.994)	(3.201)	(3.102)	(2.108)	(2.193)	(2.200)	(1.355)	(1.481)	(1.492)	(1.884)	(1.961)	(1.894)
																																																															
Observations	3,664	3,664	3,664	3,394	3,394	3,394	3,352	3,352	3,352	3,384	3,384	3,384	3,448	3,448	3,448	3,448	3,448	3,448	3,448	3,448	3,448	2,793	2,793	2,793	2,561	2,561	2,561	2,524	2,524	2,524	2,550	2,550	2,550	2,608	2,608	2,608	2,608	2,608	2,608	2,608	2,608	2,608	1,325	1,325	1,325	1,177	1,177	1,177	1,162	1,162	1,162	1,171	1,171	1,171	1,207	1,207	1,207	1,207	1,207	1,207	1,207	1,207	1,207
R-squared	0.086	0.090	0.111	0.096	0.097	0.127	0.108	0.114	0.154				0.026	0.028	0.035	0.035	0.038	0.044	0.005	0.011	0.013	0.100	0.109	0.157			0.007	0.127	0.135	0.184	0.096	0.102	0.126	0.022	0.024	0.029	0.041	0.044	0.050	0.028	0.030	0.041	0.103	0.111	0.167	0.101	0.108	0.142	0.023	0.004	0.073				0.039	0.043	0.054	0.024	0.009	0.018	0.059	0.063	0.095
Robust standard errors in parentheses																																																															
*** p<0.01, ** p<0.05, * p<0.1																																																															
