	(1)	(2)	(3)	(4)	(5)	(6)	(7)	(8)	(9)	(10)	(11)	(12)	(13)	(14)	(15)	(16)	(17)	(18)	(19)	(20)	(21)	(22)	(23)	(24)	(25)	(26)	(27)	(28)	(29)	(30)	(31)	(32)	(33)	(34)	(35)	(36)	(37)	(38)	(39)	(40)	(41)	(42)	(43)	(44)	(45)	(46)	(47)	(48)	(49)	(50)	(51)	(52)	(53)	(54)	(55)	(56)
VARIABLES	Q_Verbal_Similarities	Q_Verbal_Similarities	Q_Verbal_Similarities	Q_Verbal_Similarities	Q_Number_Skills	Q_Number_Skills	Q_Number_Skills	Q_Number_Skills	Q_Word_Reading	Q_Word_Reading	Q_Word_Reading	Q_Word_Reading	Q_Pattern_Construction	Q_Pattern_Construction	Q_Pattern_Construction	Q_Pattern_Construction	Q_Help_Reading_Freq	Q_Help_Reading_Freq	Q_Help_Reading_Freq	Q_Help_Reading_Freq	Q_Help_Writing_Freq	Q_Help_Writing_Freq	Q_Help_Writing_Freq	Q_Help_Writing_Freq	Q_Proactive_School_Selection	Q_Proactive_School_Selection	Q_Proactive_School_Selection	Q_Proactive_School_Selection	Q_Verbal_Similarities	Q_Verbal_Similarities	Q_Verbal_Similarities	Q_Verbal_Similarities	Q_Number_Skills	Q_Number_Skills	Q_Number_Skills	Q_Number_Skills	Q_Word_Reading	Q_Word_Reading	Q_Word_Reading	Q_Word_Reading	Q_Pattern_Construction	Q_Pattern_Construction	Q_Pattern_Construction	Q_Pattern_Construction	Q_Help_Reading_Freq	Q_Help_Reading_Freq	Q_Help_Reading_Freq	Q_Help_Reading_Freq	Q_Help_Writing_Freq	Q_Help_Writing_Freq	Q_Help_Writing_Freq	Q_Help_Writing_Freq	Q_Proactive_School_Selection	Q_Proactive_School_Selection	Q_Proactive_School_Selection	Q_Proactive_School_Selection
																																																								
fert	-0.557*	-0.576**	-0.439	-0.439	-0.175*	-0.177*	-0.154	-0.154	-3.601***	-3.696***	-3.421***	-3.421***	-1.137*	-1.163*	-0.974	-0.974	-0.0157	-0.0122	-0.0219	-0.0219	-0.0563	-0.0547	-0.0573	-0.0573	9.53e-05	-0.000125	-0.000659	-0.000659	-0.953**	-0.963***	-0.940***	-1.016***	0.0128	0.0144	0.0480	0.0569	-3.177**	-3.142**	-2.961**	-2.879**	-0.342	-0.330	-0.0870	-0.00600	-0.0581	-0.0577	-0.0813	-0.0878	-0.00108	-0.000795	-0.0159	-0.0287	-0.00774	-0.00778	-0.00551	-0.00697
	(0.289)	(0.290)	(0.287)	(0.287)	(0.0957)	(0.0959)	(0.0939)	(0.0939)	(1.129)	(1.129)	(1.094)	(1.094)	(0.620)	(0.621)	(0.611)	(0.611)	(0.0647)	(0.0648)	(0.0645)	(0.0645)	(0.0583)	(0.0584)	(0.0587)	(0.0587)	(0.00999)	(0.0100)	(0.0100)	(0.0100)	(0.371)	(0.367)	(0.361)	(0.357)	(0.115)	(0.115)	(0.115)	(0.115)	(1.306)	(1.313)	(1.317)	(1.313)	(0.766)	(0.767)	(0.748)	(0.750)	(0.0785)	(0.0784)	(0.0778)	(0.0779)	(0.0686)	(0.0686)	(0.0698)	(0.0693)	(0.0127)	(0.0127)	(0.0125)	(0.0127)
motherage	-19.47**	-19.04**	-17.60**	-17.60**	-3.882*	-3.868*	-2.993	-2.993	-29.60	-27.79	-20.80	-20.80	-1.632	-1.758	2.758	2.758	0.832	0.794	0.773	0.773	2.416*	2.420*	2.342	2.342	-0.279	-0.282	-0.295	-0.295	-25.10**	-23.87**	-21.76**	-20.38*	1.321	1.344	2.282	2.172	6.300	7.061	9.930	8.854	5.713	5.977	10.30	9.267	-5.818***	-5.791***	-5.890***	-5.799***	-0.184	-0.162	-0.239	-0.0614	-0.514*	-0.516*	-0.503	-0.482
	(9.305)	(9.072)	(8.708)	(8.708)	(2.340)	(2.339)	(2.320)	(2.320)	(28.73)	(28.08)	(27.72)	(27.72)	(12.91)	(12.96)	(12.48)	(12.48)	(1.644)	(1.644)	(1.641)	(1.641)	(1.436)	(1.439)	(1.442)	(1.442)	(0.247)	(0.247)	(0.251)	(0.251)	(12.28)	(11.72)	(11.01)	(10.86)	(3.245)	(3.283)	(3.213)	(3.222)	(34.42)	(33.85)	(33.16)	(33.30)	(18.10)	(18.16)	(17.73)	(17.84)	(1.924)	(1.918)	(1.941)	(1.935)	(1.680)	(1.670)	(1.691)	(1.677)	(0.307)	(0.307)	(0.311)	(0.310)
motheragesq	0.570*	0.549*	0.499*	0.499*	0.146*	0.144*	0.114	0.114	0.978	0.895	0.660	0.660	0.0204	0.0159	-0.145	-0.145	-0.0176	-0.0155	-0.0151	-0.0151	-0.0799	-0.0796	-0.0770	-0.0770	0.00599	0.00604	0.00638	0.00638	0.817*	0.771*	0.688*	0.648*	-0.0351	-0.0355	-0.0710	-0.0686	-0.342	-0.387	-0.468	-0.444	-0.223	-0.235	-0.409	-0.386	0.195***	0.194***	0.199***	0.197***	-0.00440	-0.00579	-0.00249	-0.00658	0.0156	0.0158	0.0151	0.0146
	(0.318)	(0.310)	(0.298)	(0.298)	(0.0812)	(0.0812)	(0.0802)	(0.0802)	(0.990)	(0.971)	(0.954)	(0.954)	(0.459)	(0.461)	(0.444)	(0.444)	(0.0574)	(0.0574)	(0.0572)	(0.0572)	(0.0503)	(0.0504)	(0.0505)	(0.0505)	(0.00886)	(0.00885)	(0.00898)	(0.00898)	(0.427)	(0.408)	(0.381)	(0.377)	(0.110)	(0.112)	(0.109)	(0.109)	(1.183)	(1.164)	(1.133)	(1.138)	(0.627)	(0.628)	(0.611)	(0.614)	(0.0662)	(0.0661)	(0.0668)	(0.0665)	(0.0575)	(0.0572)	(0.0579)	(0.0575)	(0.0106)	(0.0106)	(0.0108)	(0.0108)
motheragecub	-0.00542	-0.00515	-0.00457	-0.00457	-0.00163*	-0.00161*	-0.00126	-0.00126	-0.00990	-0.00883	-0.00614	-0.00614	0.000331	0.000451	0.00235	0.00235	5.62e-05	2.64e-05	2.81e-05	2.81e-05	0.000845	0.000837	0.000808	0.000808	-3.88e-05	-3.87e-05	-4.17e-05	-4.17e-05	-0.00846*	-0.00793*	-0.00691	-0.00654	0.000342	0.000344	0.000764	0.000747	0.00513	0.00577	0.00654	0.00636	0.00309	0.00325	0.00538	0.00520	-0.00212***	-0.00209***	-0.00217***	-0.00215***	0.000188	0.000208	0.000167	0.000199	-0.000155	-0.000158	-0.000149	-0.000145
	(0.00348)	(0.00339)	(0.00325)	(0.00325)	(0.000898)	(0.000898)	(0.000884)	(0.000884)	(0.0109)	(0.0107)	(0.0105)	(0.0105)	(0.00513)	(0.00515)	(0.00497)	(0.00497)	(0.000636)	(0.000636)	(0.000634)	(0.000634)	(0.000559)	(0.000561)	(0.000561)	(0.000561)	(9.96e-05)	(9.95e-05)	(0.000101)	(0.000101)	(0.00471)	(0.00450)	(0.00420)	(0.00416)	(0.00120)	(0.00122)	(0.00118)	(0.00119)	(0.0130)	(0.0128)	(0.0124)	(0.0125)	(0.00692)	(0.00694)	(0.00673)	(0.00677)	(0.000729)	(0.000727)	(0.000735)	(0.000733)	(0.000630)	(0.000626)	(0.000634)	(0.000629)	(0.000117)	(0.000117)	(0.000119)	(0.000118)
agefirstbirth	0.293***	0.286***	0.180***	0.180***	0.0608***	0.0596***	0.0176	0.0176	0.957***	0.914***	0.475**	0.475**	0.441***	0.426***	0.199*	0.199*	-0.00531	-0.00360	-0.00769	-0.00769	-0.0114	-0.0106	-0.00852	-0.00852	0.000147	2.58e-05	-0.000595	-0.000595	0.387***	0.373***	0.195**	0.167**	0.0899***	0.0880***	0.0478**	0.0519**	1.443***	1.421***	0.964***	1.002***	0.509***	0.495***	0.221*	0.259*	-0.0160	-0.0166	-0.0203	-0.0234	-0.0190	-0.0194	-0.0166	-0.0227*	0.00150	0.00156	0.000860	0.000164
	(0.0543)	(0.0548)	(0.0579)	(0.0579)	(0.0173)	(0.0174)	(0.0181)	(0.0181)	(0.207)	(0.207)	(0.217)	(0.217)	(0.108)	(0.109)	(0.110)	(0.110)	(0.0119)	(0.0119)	(0.0125)	(0.0125)	(0.0102)	(0.0102)	(0.0107)	(0.0107)	(0.00193)	(0.00194)	(0.00205)	(0.00205)	(0.0728)	(0.0724)	(0.0761)	(0.0758)	(0.0210)	(0.0210)	(0.0224)	(0.0224)	(0.243)	(0.244)	(0.257)	(0.258)	(0.136)	(0.137)	(0.134)	(0.136)	(0.0147)	(0.0147)	(0.0154)	(0.0154)	(0.0130)	(0.0130)	(0.0136)	(0.0135)	(0.00233)	(0.00234)	(0.00247)	(0.00247)
miss_motherage	-214.0**	-211.3**	-194.1**	-194.1**	-32.58	-32.63	-22.59	-22.59	-297.4	-288.4	-204.4	-204.4	-13.58	-16.97	34.03	34.03	9.463	9.373	9.254	9.254	23.90*	24.07*	23.20*	23.20*	-3.726*	-3.778*	-3.899*	-3.899*	-237.3**	-226.9**	-207.0**	-189.8*	16.03	16.68	25.59	23.82	12.79	9.993	47.01	30.09	81.08	83.01	120.9	104.7	-55.98***	-56.16***	-56.35***	-54.93***	-0.702	-0.889	-1.375	1.403	-5.630*	-5.617*	-5.544*	-5.227*
	(89.71)	(87.53)	(84.00)	(84.00)	(22.33)	(22.31)	(22.19)	(22.19)	(275.7)	(268.5)	(266.0)	(266.0)	(118.7)	(119.1)	(114.7)	(114.7)	(15.52)	(15.53)	(15.52)	(15.52)	(13.59)	(13.61)	(13.67)	(13.67)	(2.236)	(2.241)	(2.283)	(2.283)	(115.4)	(110.3)	(104.9)	(103.4)	(31.54)	(31.95)	(31.33)	(31.43)	(331.1)	(325.6)	(322.2)	(323.2)	(173.7)	(174.5)	(172.2)	(173.0)	(18.49)	(18.42)	(18.69)	(18.66)	(16.23)	(16.15)	(16.34)	(16.23)	(2.876)	(2.867)	(2.912)	(2.903)
miss_agefirstbirth	7.987***	7.780***	4.761***	4.761***	1.933***	1.898***	0.662	0.662	29.56***	28.29***	15.43**	15.43**	12.05***	11.62***	4.719	4.719	-0.138	-0.0881	-0.204	-0.204	-0.261	-0.235	-0.172	-0.172	-0.00317	-0.00674	-0.0251	-0.0251	10.21***	9.922***	4.920**	3.592*	2.312***	2.263***	1.070*	1.275**	41.32***	40.82***	27.99***	29.88***	12.51***	12.16***	4.250	6.123	-0.372	-0.386	-0.518	-0.673	-0.427	-0.436	-0.359	-0.663*	0.0397	0.0413	0.0177	-0.0171
	(1.607)	(1.623)	(1.714)	(1.714)	(0.511)	(0.513)	(0.531)	(0.531)	(6.181)	(6.180)	(6.482)	(6.482)	(3.153)	(3.203)	(3.221)	(3.221)	(0.342)	(0.344)	(0.363)	(0.363)	(0.296)	(0.296)	(0.311)	(0.311)	(0.0557)	(0.0563)	(0.0590)	(0.0590)	(1.946)	(1.945)	(2.048)	(2.108)	(0.571)	(0.573)	(0.616)	(0.629)	(6.552)	(6.568)	(7.053)	(7.244)	(3.655)	(3.697)	(3.679)	(3.862)	(0.386)	(0.386)	(0.410)	(0.417)	(0.337)	(0.338)	(0.358)	(0.365)	(0.0625)	(0.0629)	(0.0652)	(0.0665)
_mother_edu1			-6.547***	-6.547***			-2.548***	-2.548***			-24.17***	-24.17***			-16.62***	-16.62***			0.416	0.416			0.162	0.162			6.82e-05	6.82e-05			-7.163***	-7.202***			-1.632***	-1.615***			-15.16**	-15.04**			-14.57***	-14.43***			0.590*	0.575			0.179	0.149			-0.0538	-0.0572
			(1.295)	(1.295)			(0.447)	(0.447)			(4.704)	(4.704)			(2.679)	(2.679)			(0.293)	(0.293)			(0.251)	(0.251)			(0.0386)	(0.0386)			(1.572)	(1.539)			(0.610)	(0.611)			(5.925)	(5.904)			(3.039)	(3.050)			(0.350)	(0.353)			(0.304)	(0.304)			(0.0516)	(0.0521)
_mother_edu2			-7.346***	-7.346***			-2.051***	-2.051***			-22.32***	-22.32***			-10.79***	-10.79***			0.499	0.499			0.187	0.187			0.0547	0.0547			-6.093***	-6.155***			-1.095*	-1.082*			-17.99***	-17.89***			-7.543**	-7.437**			0.277	0.265			0.118	0.0947			0.0224	0.0197
			(1.204)	(1.204)			(0.438)	(0.438)			(4.930)	(4.930)			(2.670)	(2.670)			(0.311)	(0.311)			(0.249)	(0.249)			(0.0467)	(0.0467)			(1.444)	(1.429)			(0.635)	(0.638)			(5.996)	(5.952)			(3.105)	(3.121)			(0.360)	(0.361)			(0.305)	(0.303)			(0.0581)	(0.0583)
_mother_edu3			-4.417***	-4.417***			-1.105***	-1.105***			-13.21***	-13.21***			-6.713***	-6.713***			0.355	0.355			0.0349	0.0349			-0.00379	-0.00379			-3.259***	-3.317***			-0.0499	-0.0324			-9.579*	-9.453*			-5.217*	-5.070*			0.194	0.179			-0.0219	-0.0517			-0.0136	-0.0170
			(0.927)	(0.927)			(0.353)	(0.353)			(3.835)	(3.835)			(2.129)	(2.129)			(0.254)	(0.254)			(0.207)	(0.207)			(0.0340)	(0.0340)			(1.231)	(1.208)			(0.557)	(0.559)			(5.278)	(5.245)			(2.739)	(2.764)			(0.321)	(0.322)			(0.275)	(0.274)			(0.0502)	(0.0506)
_mother_edu4			-2.786***	-2.786***			-1.401***	-1.401***			-12.79***	-12.79***			-6.976***	-6.976***			0.499*	0.499*			0.147	0.147			0.0531	0.0531			-1.941	-1.963			-0.397	-0.392			-10.14*	-10.14*			-6.240**	-6.211**			0.710**	0.704**			0.0905	0.0801			0.0306	0.0294
			(0.977)	(0.977)			(0.373)	(0.373)			(3.963)	(3.963)			(2.238)	(2.238)			(0.265)	(0.265)			(0.219)	(0.219)			(0.0382)	(0.0382)			(1.264)	(1.242)			(0.578)	(0.581)			(5.325)	(5.287)			(2.948)	(2.976)			(0.334)	(0.336)			(0.288)	(0.287)			(0.0542)	(0.0546)
_mother_edu5			-1.966**	-1.966**			-0.427	-0.427			-4.358	-4.358			-4.293**	-4.293**			0.649***	0.649***			0.0525	0.0525			0.0337	0.0337			0.141	0.100			0.394	0.412			0.784	0.920			-1.553	-1.398			0.526*	0.511*			0.00222	-0.0282			-0.00970	-0.0132
			(0.844)	(0.844)			(0.336)	(0.336)			(3.591)	(3.591)			(2.040)	(2.040)			(0.244)	(0.244)			(0.196)	(0.196)			(0.0327)	(0.0327)			(1.169)	(1.146)			(0.532)	(0.534)			(4.949)	(4.923)			(2.617)	(2.648)			(0.307)	(0.309)			(0.260)	(0.259)			(0.0472)	(0.0477)
_mother_edu7			-4.672**	-4.672**			-1.511***	-1.511***			-21.54***	-21.54***			-12.55***	-12.55***			0.869**	0.869**			0.351	0.351			0.0886	0.0886			-5.704***	-5.577***			-0.922	-0.920			-20.24***	-20.26***			-11.74***	-11.74***			1.129***	1.127***			0.690*	0.686*			-0.0626	-0.0631
			(2.018)	(2.018)			(0.518)	(0.518)			(6.723)	(6.723)			(3.384)	(3.384)			(0.395)	(0.395)			(0.350)	(0.350)			(0.0703)	(0.0703)			(1.846)	(1.844)			(0.689)	(0.692)			(6.621)	(6.573)			(3.892)	(3.915)			(0.405)	(0.407)			(0.393)	(0.393)			(0.0550)	(0.0558)
height		7.380**	5.737	5.737		0.808	0.202	0.202		28.89**	22.24**	22.24**		10.35	6.626	6.626		-1.124	-1.118	-1.118		-0.612	-0.564	-0.564		0.0912	0.0885	0.0885		12.46***	7.552*	7.672*		1.056	-0.0842	-0.119		23.83*	13.35	13.05		10.19	2.801	2.491		0.758	0.839	0.868		0.553	0.701	0.757		-0.0741	-0.100	-0.0938
		(3.697)	(3.590)	(3.590)		(1.000)	(0.983)	(0.983)		(11.63)	(11.25)	(11.25)		(6.555)	(6.438)	(6.438)		(0.735)	(0.737)	(0.737)		(0.640)	(0.640)	(0.640)		(0.108)	(0.108)	(0.108)		(4.519)	(4.165)	(4.152)		(1.258)	(1.248)	(1.244)		(13.76)	(13.84)	(13.83)		(7.875)	(7.668)	(7.664)		(0.862)	(0.862)	(0.861)		(0.729)	(0.720)	(0.715)		(0.117)	(0.118)	(0.118)
miss_height		10.72*	8.389	8.389		1.306	0.619	0.619		58.62***	50.54**	50.54**		13.97	10.08	10.08		-2.011	-1.986	-1.986		-0.877	-0.813	-0.813		0.103	0.106	0.106		15.88**	10.03	10.60		0.391	-0.870	-0.987		42.82*	29.25	28.22		12.08	4.475	3.431		1.652	1.649	1.741		1.350	1.475	1.657		-0.150	-0.162	-0.142
		(6.392)	(6.191)	(6.191)		(1.806)	(1.772)	(1.772)		(20.27)	(19.66)	(19.66)		(11.72)	(11.22)	(11.22)		(1.276)	(1.276)	(1.276)		(1.117)	(1.120)	(1.120)		(0.185)	(0.184)	(0.184)		(7.829)	(7.263)	(7.246)		(2.193)	(2.162)	(2.159)		(23.97)	(23.84)	(23.88)		(13.61)	(13.06)	(13.09)		(1.476)	(1.476)	(1.476)		(1.256)	(1.250)	(1.243)		(0.202)	(0.203)	(0.204)
Constant	281.5***	268.1***	264.7***	264.7***	39.91*	38.71*	33.74	33.74	374.2	318.4	293.8	293.8	133.3	120.0	103.3	103.3	-7.502	-5.693	-5.735	-5.735	-19.68	-18.91	-18.41	-18.41	2.966	2.878	3.010	3.010	267.0**	237.2**	239.7**	238.0**	-2.010	-3.871	-7.236	-5.945	104.4	66.72	79.68	92.68	2.980	-12.67	-19.75	-7.248	53.82***	52.58***	52.55***	51.67***	4.408	3.506	3.632	1.922	4.825*	4.946*	4.963*	4.767*
	(88.53)	(84.80)	(81.59)	(81.59)	(21.76)	(21.82)	(21.74)	(21.74)	(251.1)	(244.4)	(242.7)	(242.7)	(109.0)	(109.7)	(105.7)	(105.7)	(14.01)	(14.04)	(14.01)	(14.01)	(12.25)	(12.29)	(12.33)	(12.33)	(2.071)	(2.069)	(2.104)	(2.104)	(104.9)	(98.15)	(93.94)	(92.83)	(28.18)	(28.66)	(28.13)	(28.21)	(299.8)	(293.6)	(290.4)	(291.5)	(169.4)	(169.7)	(167.5)	(168.4)	(16.64)	(16.56)	(16.76)	(16.71)	(14.56)	(14.46)	(14.64)	(14.53)	(2.631)	(2.653)	(2.693)	(2.688)
																																																								
Observations	2,330	2,330	2,330	2,330	2,137	2,137	2,137	2,137	2,109	2,109	2,109	2,109	2,130	2,130	2,130	2,130	2,182	2,182	2,182	2,182	2,182	2,182	2,182	2,182	2,182	2,182	2,182	2,182	1,760	1,760	1,760	1,760	1,598	1,598	1,598	1,598	1,572	1,572	1,572	1,572	1,588	1,588	1,588	1,588	1,638	1,638	1,638	1,638	1,638	1,638	1,638	1,638	1,638	1,638	1,638	1,638
R-squared	0.096	0.099	0.125	0.125	0.093	0.093	0.137	0.137	0.124	0.129	0.163	0.163	0.085	0.086	0.125	0.125	0.039	0.040	0.047	0.047	0.055	0.055	0.057	0.057	0.030	0.031	0.037	0.037	0.107	0.116	0.162	0.166	0.095	0.099	0.140	0.141	0.148	0.150	0.180	0.181	0.073	0.076	0.118	0.121	0.040	0.042	0.055	0.057	0.047	0.049	0.055	0.063	0.044	0.044	0.052	0.056
Robust standard errors in parentheses																																																								
*** p<0.01, ** p<0.05, * p<0.1																																																								
