	(1)	(2)	(3)	(4)	(5)	(6)	(7)	(8)	(9)	(10)	(11)	(12)	(13)	(14)	(15)	(16)	(17)	(18)	(19)	(20)	(21)	(22)	(23)	(24)	(25)	(26)	(27)	(28)	(29)	(30)	(31)	(32)	(33)	(34)	(35)	(36)	(37)	(38)	(39)	(40)	(41)	(42)	(43)	(44)	(45)	(46)	(47)	(48)	(49)	(50)	(51)	(52)	(53)	(54)	(55)	(56)
VARIABLES	Q_Verbal_Similarities	Q_Verbal_Similarities	Q_Verbal_Similarities	Q_Verbal_Similarities	Q_Number_Skills	Q_Number_Skills	Q_Number_Skills	Q_Number_Skills	Q_Word_Reading	Q_Word_Reading	Q_Word_Reading	Q_Word_Reading	Q_Pattern_Construction	Q_Pattern_Construction	Q_Pattern_Construction	Q_Pattern_Construction	Q_Help_Reading_Freq	Q_Help_Reading_Freq	Q_Help_Reading_Freq	Q_Help_Reading_Freq	Q_Help_Writing_Freq	Q_Help_Writing_Freq	Q_Help_Writing_Freq	Q_Help_Writing_Freq	Q_Proactive_School_Selection	Q_Proactive_School_Selection	Q_Proactive_School_Selection	Q_Proactive_School_Selection	Q_Verbal_Similarities	Q_Verbal_Similarities	Q_Verbal_Similarities	Q_Verbal_Similarities	Q_Number_Skills	Q_Number_Skills	Q_Number_Skills	Q_Number_Skills	Q_Word_Reading	Q_Word_Reading	Q_Word_Reading	Q_Word_Reading	Q_Pattern_Construction	Q_Pattern_Construction	Q_Pattern_Construction	Q_Pattern_Construction	Q_Help_Reading_Freq	Q_Help_Reading_Freq	Q_Help_Reading_Freq	Q_Help_Reading_Freq	Q_Help_Writing_Freq	Q_Help_Writing_Freq	Q_Help_Writing_Freq	Q_Help_Writing_Freq	Q_Proactive_School_Selection	Q_Proactive_School_Selection	Q_Proactive_School_Selection	Q_Proactive_School_Selection
																																																								
fert	-0.776**	-0.669**	-0.569*	-0.569*	-0.105	-0.0756	-0.0190	-0.0190	-1.551*	-1.292	-0.769	-0.769	-0.969*	-0.819	-0.468	-0.468	-0.0933	-0.0854	-0.0852	-0.0852	-0.163***	-0.162***	-0.170***	-0.170***	0.0165*	0.0172*	0.0142	0.0142	-1.322***	-1.241***	-0.941**	-0.949***	-0.185*	-0.182*	-0.106	-0.107	-2.330**	-2.237**	-1.500	-1.489	-0.413	-0.410	0.221	0.213	-0.0613	-0.0530	-0.0457	-0.0408	-0.0596	-0.0582	-0.0673	-0.0634	0.00948	0.00971	0.0107	0.0102
	(0.321)	(0.318)	(0.312)	(0.312)	(0.0919)	(0.0909)	(0.0895)	(0.0895)	(0.900)	(0.895)	(0.900)	(0.900)	(0.502)	(0.507)	(0.516)	(0.516)	(0.0682)	(0.0681)	(0.0689)	(0.0689)	(0.0607)	(0.0613)	(0.0626)	(0.0626)	(0.00939)	(0.00951)	(0.00965)	(0.00965)	(0.382)	(0.364)	(0.367)	(0.367)	(0.106)	(0.106)	(0.108)	(0.107)	(0.972)	(0.969)	(1.004)	(1.004)	(0.592)	(0.588)	(0.602)	(0.602)	(0.0792)	(0.0798)	(0.0814)	(0.0808)	(0.0682)	(0.0683)	(0.0694)	(0.0698)	(0.0102)	(0.0102)	(0.0104)	(0.0104)
motherage	-0.0505	-0.368	1.463	1.463	-0.390	-0.482	-0.300	-0.300	-6.345	-7.081	-4.524	-4.524	-3.076	-3.542	-2.757	-2.757	0.894	0.858	0.817	0.817	0.791	0.775	0.809	0.809	-0.300	-0.302	-0.245	-0.245	-6.824	-7.868	-6.278	-6.419	-2.183	-2.445	-1.712	-1.711	-65.78**	-67.60**	-62.41*	-62.43*	17.28	14.75	18.96	18.98	1.622	1.465	1.378	1.422	3.566*	3.539*	3.567*	3.601*	-0.108	-0.104	-0.107	-0.111
	(6.895)	(6.877)	(6.875)	(6.875)	(1.953)	(1.930)	(1.912)	(1.912)	(17.69)	(17.61)	(17.53)	(17.53)	(11.66)	(11.62)	(11.66)	(11.66)	(1.399)	(1.402)	(1.414)	(1.414)	(1.271)	(1.274)	(1.275)	(1.275)	(0.186)	(0.186)	(0.183)	(0.183)	(10.29)	(10.26)	(10.23)	(10.24)	(3.533)	(3.513)	(3.448)	(3.449)	(33.00)	(33.00)	(33.40)	(33.47)	(21.74)	(21.37)	(20.64)	(20.63)	(2.294)	(2.303)	(2.278)	(2.283)	(2.097)	(2.103)	(2.076)	(2.055)	(0.384)	(0.385)	(0.387)	(0.387)
motheragesq	-0.000801	0.0135	-0.0620	-0.0620	0.00963	0.0145	0.00446	0.00446	0.181	0.217	0.0871	0.0871	0.134	0.157	0.102	0.102	-0.0412	-0.0395	-0.0383	-0.0383	-0.0333	-0.0324	-0.0336	-0.0336	0.0108	0.0108	0.00873	0.00873	0.231	0.265	0.198	0.202	0.0794	0.0897	0.0617	0.0617	2.390**	2.454**	2.252*	2.252*	-0.633	-0.531	-0.691	-0.691	-0.0620	-0.0566	-0.0543	-0.0560	-0.141*	-0.140*	-0.141*	-0.142*	0.00245	0.00225	0.00226	0.00242
	(0.244)	(0.244)	(0.245)	(0.245)	(0.0689)	(0.0682)	(0.0678)	(0.0678)	(0.626)	(0.623)	(0.619)	(0.619)	(0.419)	(0.417)	(0.418)	(0.418)	(0.0508)	(0.0509)	(0.0513)	(0.0513)	(0.0463)	(0.0464)	(0.0465)	(0.0465)	(0.00674)	(0.00675)	(0.00669)	(0.00669)	(0.368)	(0.367)	(0.366)	(0.366)	(0.125)	(0.124)	(0.122)	(0.122)	(1.179)	(1.178)	(1.185)	(1.188)	(0.773)	(0.760)	(0.737)	(0.736)	(0.0822)	(0.0824)	(0.0816)	(0.0818)	(0.0747)	(0.0750)	(0.0742)	(0.0734)	(0.0137)	(0.0138)	(0.0138)	(0.0138)
motheragecub	-5.04e-05	-0.000228	0.000717	0.000717	-0.000154	-0.000218	-7.23e-05	-7.23e-05	-0.00191	-0.00237	-0.000543	-0.000543	-0.00185	-0.00214	-0.00127	-0.00127	0.000505	0.000482	0.000472	0.000472	0.000383	0.000369	0.000383	0.000383	-0.000123	-0.000123	-9.90e-05	-9.90e-05	-0.00261	-0.00301	-0.00211	-0.00215	-0.00101	-0.00113	-0.000792	-0.000793	-0.0277**	-0.0285**	-0.0260*	-0.0260*	0.00709	0.00585	0.00778	0.00778	0.000742	0.000679	0.000660	0.000681	0.00169**	0.00168*	0.00168**	0.00170**	-1.92e-05	-1.67e-05	-1.59e-05	-1.78e-05
	(0.00273)	(0.00272)	(0.00275)	(0.00275)	(0.000763)	(0.000755)	(0.000754)	(0.000754)	(0.00694)	(0.00691)	(0.00687)	(0.00687)	(0.00470)	(0.00467)	(0.00469)	(0.00469)	(0.000573)	(0.000575)	(0.000579)	(0.000579)	(0.000527)	(0.000528)	(0.000528)	(0.000528)	(7.64e-05)	(7.65e-05)	(7.61e-05)	(7.61e-05)	(0.00421)	(0.00421)	(0.00418)	(0.00418)	(0.00142)	(0.00141)	(0.00138)	(0.00138)	(0.0135)	(0.0135)	(0.0135)	(0.0135)	(0.00874)	(0.00859)	(0.00835)	(0.00834)	(0.000939)	(0.000941)	(0.000933)	(0.000936)	(0.000855)	(0.000859)	(0.000851)	(0.000841)	(0.000158)	(0.000158)	(0.000159)	(0.000159)
agefirstbirth	0.263***	0.273***	0.156***	0.156***	0.0813***	0.0817***	0.0470***	0.0470***	1.144***	1.162***	0.819***	0.819***	0.384***	0.392***	0.194**	0.194**	-0.0315***	-0.0321***	-0.0301**	-0.0301**	-0.0239**	-0.0254**	-0.0227*	-0.0227*	0.00135	0.00149	0.000197	0.000197	0.346***	0.355***	0.184**	0.189***	0.104***	0.102***	0.0515**	0.0519**	1.547***	1.553***	1.109***	1.103***	0.543***	0.513***	0.268**	0.272**	-0.0206	-0.0200	-0.0201	-0.0224	-0.0330**	-0.0329**	-0.0327**	-0.0345**	-0.00163	-0.00150	-0.00340	-0.00318
	(0.0542)	(0.0542)	(0.0550)	(0.0550)	(0.0155)	(0.0156)	(0.0159)	(0.0159)	(0.158)	(0.157)	(0.154)	(0.154)	(0.0930)	(0.0926)	(0.0921)	(0.0921)	(0.0122)	(0.0122)	(0.0128)	(0.0128)	(0.0109)	(0.0110)	(0.0116)	(0.0116)	(0.00162)	(0.00163)	(0.00167)	(0.00167)	(0.0710)	(0.0709)	(0.0719)	(0.0717)	(0.0182)	(0.0184)	(0.0201)	(0.0202)	(0.188)	(0.189)	(0.198)	(0.198)	(0.121)	(0.121)	(0.126)	(0.125)	(0.0141)	(0.0141)	(0.0152)	(0.0152)	(0.0129)	(0.0130)	(0.0139)	(0.0140)	(0.00215)	(0.00219)	(0.00224)	(0.00224)
miss_motherage	-15.24	-15.72	-0.00488	-0.00488	-11.23	-11.10	-9.358	-9.358	-104.6	-103.3	-79.47	-79.47	-39.55	-39.08	-31.84	-31.84	1.377	1.343	1.006	1.006	5.347	5.322	5.512	5.512	-2.679	-2.679	-2.196	-2.196	-74.77	-86.89	-73.91	-75.29	-24.43	-26.77	-20.21	-20.17	-592.0**	-612.9**	-566.5*	-567.1*	137.6	116.9	155.0	155.5	11.82	10.04	9.013	9.274	27.61	27.31	27.57	27.77	-1.413	-1.390	-1.434	-1.458
	(63.63)	(63.51)	(63.05)	(63.05)	(18.04)	(17.82)	(17.60)	(17.60)	(163.4)	(162.7)	(162.6)	(162.6)	(104.7)	(104.4)	(106.0)	(106.0)	(12.45)	(12.46)	(12.57)	(12.57)	(11.70)	(11.75)	(11.71)	(11.71)	(1.682)	(1.684)	(1.649)	(1.649)	(93.97)	(93.90)	(93.92)	(94.04)	(32.51)	(32.38)	(31.83)	(31.84)	(300.6)	(301.0)	(306.5)	(307.1)	(198.0)	(194.8)	(187.5)	(187.3)	(20.85)	(20.95)	(20.71)	(20.72)	(19.16)	(19.21)	(18.92)	(18.74)	(3.514)	(3.521)	(3.542)	(3.538)
miss_agefirstbirth	7.280***	7.580***	4.341***	4.341***	2.035***	2.058***	1.067**	1.067**	31.95***	32.52***	22.65***	22.65***	9.190***	9.464***	3.658	3.658	-0.815**	-0.827**	-0.787**	-0.787**	-0.666**	-0.704**	-0.622*	-0.622*	0.0729	0.0768*	0.0443	0.0443	8.059***	8.302***	3.907**	4.261**	2.301***	2.239***	0.956*	0.994*	39.33***	39.48***	28.06***	27.53***	12.58***	11.75***	5.055	5.423*	-0.134	-0.116	-0.0986	-0.305	-0.509	-0.507	-0.481	-0.643*	0.0287	0.0321	-0.0119	0.00749
	(1.549)	(1.540)	(1.562)	(1.562)	(0.470)	(0.473)	(0.481)	(0.481)	(4.708)	(4.678)	(4.581)	(4.581)	(2.689)	(2.670)	(2.642)	(2.642)	(0.351)	(0.353)	(0.370)	(0.370)	(0.320)	(0.321)	(0.339)	(0.339)	(0.0461)	(0.0462)	(0.0467)	(0.0467)	(1.869)	(1.864)	(1.871)	(1.874)	(0.508)	(0.513)	(0.552)	(0.568)	(5.276)	(5.265)	(5.439)	(5.550)	(3.273)	(3.251)	(3.268)	(3.237)	(0.384)	(0.385)	(0.412)	(0.418)	(0.354)	(0.356)	(0.380)	(0.386)	(0.0605)	(0.0614)	(0.0612)	(0.0617)
_mother_edu1			-7.524***	-7.524***			-2.345***	-2.345***			-21.35***	-21.35***			-13.00***	-13.00***			0.183	0.183			0.0855	0.0855			-0.0650	-0.0650			-8.034***	-8.029***			-2.217***	-2.217***			-19.05***	-19.05***			-11.27***	-11.28***			0.0406	0.0404			0.168	0.168			-0.0415	-0.0415
			(1.252)	(1.252)			(0.370)	(0.370)			(3.376)	(3.376)			(2.109)	(2.109)			(0.301)	(0.301)			(0.266)	(0.266)			(0.0516)	(0.0516)			(1.401)	(1.406)			(0.405)	(0.405)			(4.470)	(4.475)			(2.612)	(2.603)			(0.351)	(0.347)			(0.304)	(0.301)			(0.0532)	(0.0534)
_mother_edu2			-6.532***	-6.532***			-1.833***	-1.833***			-15.07***	-15.07***			-7.849***	-7.849***			0.262	0.262			0.0955	0.0955			-0.0975**	-0.0975**			-7.175***	-7.212***			-2.224***	-2.228***			-18.34***	-18.29***			-11.64***	-11.68***			0.201	0.226			0.0927	0.112			-0.0187	-0.0211
			(1.255)	(1.255)			(0.357)	(0.357)			(3.354)	(3.354)			(1.871)	(1.871)			(0.317)	(0.317)			(0.273)	(0.273)			(0.0495)	(0.0495)			(1.478)	(1.482)			(0.419)	(0.419)			(4.556)	(4.569)			(2.754)	(2.744)			(0.368)	(0.362)			(0.321)	(0.317)			(0.0539)	(0.0541)
_mother_edu3			-5.817***	-5.817***			-1.227***	-1.227***			-10.71***	-10.71***			-6.262***	-6.262***			0.166	0.166			-0.121	-0.121			-0.104**	-0.104**			-5.579***	-5.627***			-1.635***	-1.642***			-12.60***	-12.51***			-5.308**	-5.376**			-0.154	-0.117			-0.0856	-0.0559			-0.0540	-0.0575
			(1.009)	(1.009)			(0.289)	(0.289)			(2.643)	(2.643)			(1.624)	(1.624)			(0.268)	(0.268)			(0.227)	(0.227)			(0.0460)	(0.0460)			(1.263)	(1.272)			(0.340)	(0.340)			(3.958)	(3.973)			(2.251)	(2.251)			(0.324)	(0.319)			(0.269)	(0.265)			(0.0485)	(0.0486)
_mother_edu4			-4.626***	-4.626***			-0.868***	-0.868***			-7.527***	-7.527***			-3.970**	-3.970**			0.112	0.112			-0.0875	-0.0875			-0.0978**	-0.0978**			-3.823***	-3.873***			-1.471***	-1.479***			-10.83***	-10.73**			-4.819**	-4.891**			0.326	0.364			0.162	0.192			-0.0145	-0.0181
			(1.084)	(1.084)			(0.300)	(0.300)			(2.754)	(2.754)			(1.712)	(1.712)			(0.280)	(0.280)			(0.236)	(0.236)			(0.0469)	(0.0469)			(1.349)	(1.357)			(0.344)	(0.345)			(4.171)	(4.193)			(2.393)	(2.394)			(0.337)	(0.333)			(0.283)	(0.278)			(0.0520)	(0.0521)
_mother_edu5			-2.852***	-2.852***			-0.629**	-0.629**			-3.257	-3.257			-2.216	-2.216			0.208	0.208			-0.121	-0.121			-0.0498	-0.0498			-3.147***	-3.192***			-0.804***	-0.811***			-5.695	-5.612			-2.728	-2.788			-0.00681	0.0265			0.0588	0.0850			0.00713	0.00400
			(0.960)	(0.960)			(0.269)	(0.269)			(2.476)	(2.476)			(1.530)	(1.530)			(0.259)	(0.259)			(0.218)	(0.218)			(0.0457)	(0.0457)			(1.174)	(1.182)			(0.304)	(0.304)			(3.702)	(3.720)			(2.106)	(2.104)			(0.312)	(0.307)			(0.259)	(0.255)			(0.0480)	(0.0483)
_mother_edu7			-8.223***	-8.223***			-0.706	-0.706			-6.362	-6.362			-10.09***	-10.09***			-0.717*	-0.717*			-0.478	-0.478			-0.0177	-0.0177			-7.172***	-7.272***			-1.585***	-1.596***			-10.52*	-10.37*			-11.59***	-11.70***			-0.277	-0.217			0.0846	0.131			0.0373	0.0317
			(2.194)	(2.194)			(0.495)	(0.495)			(5.318)	(5.318)			(2.497)	(2.497)			(0.384)	(0.384)			(0.397)	(0.397)			(0.0747)	(0.0747)			(1.989)	(1.990)			(0.492)	(0.497)			(5.807)	(5.829)			(2.761)	(2.755)			(0.420)	(0.418)			(0.370)	(0.366)			(0.0783)	(0.0785)
height		0.835	-0.401	-0.401		1.408	0.916	0.916		5.249	0.0966	0.0966		3.683	0.278	0.278		0.715	0.701	0.701		0.829	0.890	0.890		-0.0353	-0.0283	-0.0283		-0.0684	-1.456	-1.592		1.446	1.162	1.152		2.659	-0.294	-0.156		16.54**	14.28**	14.18**		0.195	0.281	0.337		0.0415	0.129	0.174		-0.0551	-0.0615	-0.0668
		(3.175)	(3.092)	(3.092)		(0.998)	(0.952)	(0.952)		(8.652)	(8.376)	(8.376)		(5.730)	(5.516)	(5.516)		(0.745)	(0.743)	(0.743)		(0.656)	(0.659)	(0.659)		(0.101)	(0.101)	(0.101)		(3.746)	(3.696)	(3.694)		(1.232)	(1.197)	(1.195)		(10.74)	(10.55)	(10.54)		(6.683)	(6.351)	(6.343)		(0.867)	(0.873)	(0.866)		(0.749)	(0.754)	(0.757)		(0.120)	(0.120)	(0.120)
miss_height		-5.050	-5.685	-5.685		0.268	0.0358	0.0358		-9.831	-12.57	-12.57		-4.739	-6.480	-6.480		0.690	0.690	0.690		1.311	1.351	1.351		-0.104	-0.104	-0.104		-4.277	-5.420	-5.723		1.937	1.745	1.719		-2.916	-5.224	-4.874		24.71**	23.19**	22.94**		-0.290	-0.130	0.00613		-0.0339	0.0877	0.195		-0.0962	-0.103	-0.116
		(5.698)	(5.501)	(5.501)		(1.736)	(1.653)	(1.653)		(15.43)	(15.20)	(15.20)		(10.23)	(9.835)	(9.835)		(1.306)	(1.299)	(1.299)		(1.161)	(1.161)	(1.161)		(0.170)	(0.169)	(0.169)		(6.637)	(6.506)	(6.494)		(2.092)	(2.024)	(2.018)		(18.80)	(18.36)	(18.32)		(11.38)	(10.78)	(10.76)		(1.466)	(1.475)	(1.465)		(1.301)	(1.306)	(1.309)		(0.210)	(0.211)	(0.210)
Constant	67.79	67.23	64.45	64.45	9.165	7.295	8.431	8.431	123.6	118.5	121.4	121.4	126.6	122.6	131.5	131.5	-4.697	-5.639	-5.480	-5.480	-0.750	-1.970	-2.257	-2.257	2.240	2.304	1.949	1.949	118.7	127.4	125.2	127.0	35.47	35.29	32.07	31.27	690.8**	705.7**	688.2**	689.0**	-43.57	-49.43	-71.72	-71.56	-12.95	-11.96	-11.37	-11.95	-22.11	-21.95	-22.43	-22.88	0.945	0.998	1.079	1.133
	(61.71)	(61.84)	(61.72)	(61.72)	(16.43)	(16.24)	(16.02)	(16.02)	(149.6)	(149.5)	(149.1)	(149.1)	(97.22)	(98.78)	(99.04)	(99.04)	(11.54)	(11.60)	(11.70)	(11.70)	(10.46)	(10.50)	(10.51)	(10.51)	(1.529)	(1.539)	(1.513)	(1.513)	(86.77)	(86.84)	(86.67)	(86.86)	(32.80)	(32.66)	(32.03)	(32.01)	(304.6)	(305.9)	(310.9)	(311.5)	(182.6)	(181.0)	(174.2)	(174.1)	(19.18)	(19.32)	(19.12)	(19.13)	(17.63)	(17.65)	(17.41)	(17.22)	(3.240)	(3.245)	(3.264)	(3.261)
																																																								
Observations	2,249	2,249	2,249	2,249	2,110	2,110	2,110	2,110	2,081	2,081	2,081	2,081	2,103	2,103	2,103	2,103	2,134	2,134	2,134	2,134	2,134	2,134	2,134	2,134	2,134	2,134	2,134	2,134	1,677	1,677	1,677	1,677	1,559	1,559	1,559	1,559	1,538	1,538	1,538	1,538	1,553	1,553	1,553	1,553	1,579	1,579	1,579	1,579	1,579	1,579	1,579	1,579	1,579	1,579	1,579	1,579
R-squared	0.114	0.120	0.148	0.148	0.077	0.085	0.124	0.124	0.127	0.132	0.170	0.170	0.074	0.080	0.115	0.115	0.036	0.037	0.041	0.041	0.044	0.045	0.047	0.047	0.039	0.039	0.048	0.048	0.115	0.119	0.148	0.149	0.105	0.106	0.137	0.138	0.157	0.159	0.183	0.183	0.093	0.099	0.133	0.133	0.054	0.056	0.062	0.068	0.069	0.070	0.072	0.077	0.032	0.032	0.039	0.041
Robust standard errors in parentheses																																																								
*** p<0.01, ** p<0.05, * p<0.1																																																								
