	(1)	(2)	(3)	(4)	(5)	(6)	(7)	(8)	(9)	(10)	(11)	(12)	(13)	(14)	(15)	(16)	(17)	(18)	(19)	(20)	(21)	(22)	(23)	(24)	(25)	(26)	(27)	(28)	(29)	(30)	(31)	(32)	(33)	(34)	(35)	(36)	(37)	(38)	(39)	(40)	(41)	(42)	(43)	(44)	(45)	(46)	(47)	(48)	(49)	(50)	(51)	(52)	(53)	(54)	(55)	(56)
VARIABLES	Q_Verbal_Similarities	Q_Verbal_Similarities	Q_Verbal_Similarities	Q_Verbal_Similarities	Q_Number_Skills	Q_Number_Skills	Q_Number_Skills	Q_Number_Skills	Q_Word_Reading	Q_Word_Reading	Q_Word_Reading	Q_Word_Reading	Q_Pattern_Construction	Q_Pattern_Construction	Q_Pattern_Construction	Q_Pattern_Construction	Q_Help_Reading_Freq	Q_Help_Reading_Freq	Q_Help_Reading_Freq	Q_Help_Reading_Freq	Q_Help_Writing_Freq	Q_Help_Writing_Freq	Q_Help_Writing_Freq	Q_Help_Writing_Freq	Q_Proactive_School_Selection	Q_Proactive_School_Selection	Q_Proactive_School_Selection	Q_Proactive_School_Selection	Q_Verbal_Similarities	Q_Verbal_Similarities	Q_Verbal_Similarities	Q_Verbal_Similarities	Q_Number_Skills	Q_Number_Skills	Q_Number_Skills	Q_Number_Skills	Q_Word_Reading	Q_Word_Reading	Q_Word_Reading	Q_Word_Reading	Q_Pattern_Construction	Q_Pattern_Construction	Q_Pattern_Construction	Q_Pattern_Construction	Q_Help_Reading_Freq	Q_Help_Reading_Freq	Q_Help_Reading_Freq	Q_Help_Reading_Freq	Q_Help_Writing_Freq	Q_Help_Writing_Freq	Q_Help_Writing_Freq	Q_Help_Writing_Freq	Q_Proactive_School_Selection	Q_Proactive_School_Selection	Q_Proactive_School_Selection	Q_Proactive_School_Selection
																																																								
fert	-0.666***	-0.647***	-0.536**	-0.536**	-0.140**	-0.133**	-0.0952	-0.0952	-2.555***	-2.531***	-2.191***	-2.191***	-1.052***	-1.007**	-0.753*	-0.753*	-0.0556	-0.0524	-0.0555	-0.0555	-0.104**	-0.104**	-0.109**	-0.109**	0.00836	0.00871	0.00816	0.00816	-1.139***	-1.102***	-0.933***	-0.942***	-0.0912	-0.0855	-0.0210	-0.0195	-2.831***	-2.807***	-2.336***	-2.326***	-0.431	-0.411	0.0596	0.0765	-0.0672	-0.0665	-0.0763	-0.0790	-0.0360	-0.0377	-0.0508	-0.0538	0.000419	0.000583	0.00249	0.00243
	(0.215)	(0.215)	(0.210)	(0.210)	(0.0658)	(0.0658)	(0.0647)	(0.0647)	(0.724)	(0.724)	(0.711)	(0.711)	(0.399)	(0.400)	(0.396)	(0.396)	(0.0470)	(0.0470)	(0.0473)	(0.0473)	(0.0425)	(0.0425)	(0.0430)	(0.0430)	(0.00684)	(0.00688)	(0.00691)	(0.00691)	(0.271)	(0.263)	(0.264)	(0.263)	(0.0781)	(0.0782)	(0.0790)	(0.0790)	(0.797)	(0.799)	(0.815)	(0.814)	(0.475)	(0.475)	(0.470)	(0.470)	(0.0558)	(0.0557)	(0.0560)	(0.0557)	(0.0491)	(0.0491)	(0.0496)	(0.0498)	(0.00794)	(0.00793)	(0.00797)	(0.00798)
motherage	-10.12	-10.00	-8.999	-8.999	-2.540	-2.604*	-2.290	-2.290	-20.26	-20.49	-16.92	-16.92	-3.832	-4.256	-3.135	-3.135	0.901	0.872	0.901	0.901	1.545	1.544	1.528	1.528	-0.249	-0.252	-0.238	-0.238	-18.05**	-18.41**	-17.21**	-16.91**	0.240	0.118	0.521	0.498	-20.86	-21.45	-17.36	-17.53	11.13	10.54	12.71	12.43	-2.503*	-2.528*	-2.572*	-2.507*	1.586	1.613	1.568	1.642	-0.241	-0.244	-0.250	-0.249
	(6.257)	(6.214)	(5.990)	(5.990)	(1.566)	(1.566)	(1.558)	(1.558)	(16.41)	(16.30)	(16.12)	(16.12)	(8.985)	(9.008)	(9.013)	(9.013)	(1.077)	(1.078)	(1.079)	(1.079)	(0.959)	(0.959)	(0.959)	(0.959)	(0.159)	(0.160)	(0.159)	(0.159)	(8.931)	(8.756)	(8.352)	(8.322)	(2.407)	(2.413)	(2.330)	(2.332)	(24.55)	(24.49)	(24.12)	(24.14)	(13.38)	(13.32)	(12.70)	(12.72)	(1.500)	(1.501)	(1.490)	(1.484)	(1.289)	(1.285)	(1.289)	(1.282)	(0.227)	(0.228)	(0.230)	(0.230)
motheragesq	0.303	0.300	0.261	0.261	0.0915*	0.0937*	0.0810	0.0810	0.654	0.660	0.518	0.518	0.126	0.141	0.0878	0.0878	-0.0313	-0.0302	-0.0316	-0.0316	-0.0541	-0.0541	-0.0535	-0.0535	0.00701	0.00713	0.00658	0.00658	0.593*	0.608**	0.558*	0.549*	-0.00481	-0.000301	-0.0156	-0.0151	0.661	0.683	0.545	0.549	-0.429	-0.407	-0.497	-0.490	0.0821	0.0831	0.0854	0.0838	-0.0678	-0.0687	-0.0667	-0.0685	0.00656	0.00664	0.00678	0.00675
	(0.213)	(0.212)	(0.205)	(0.205)	(0.0554)	(0.0554)	(0.0551)	(0.0551)	(0.576)	(0.573)	(0.566)	(0.566)	(0.324)	(0.325)	(0.325)	(0.325)	(0.0391)	(0.0391)	(0.0392)	(0.0392)	(0.0345)	(0.0345)	(0.0345)	(0.0345)	(0.00569)	(0.00569)	(0.00569)	(0.00569)	(0.312)	(0.306)	(0.291)	(0.290)	(0.0837)	(0.0839)	(0.0810)	(0.0811)	(0.862)	(0.860)	(0.842)	(0.843)	(0.470)	(0.468)	(0.446)	(0.447)	(0.0528)	(0.0528)	(0.0524)	(0.0522)	(0.0449)	(0.0447)	(0.0449)	(0.0447)	(0.00795)	(0.00796)	(0.00805)	(0.00804)
motheragecub	-0.00298	-0.00294	-0.00244	-0.00244	-0.00103*	-0.00105*	-0.000884	-0.000884	-0.00654	-0.00659	-0.00477	-0.00477	-0.00121	-0.00137	-0.000607	-0.000607	0.000303	0.000291	0.000310	0.000310	0.000577	0.000577	0.000569	0.000569	-6.56e-05	-6.69e-05	-6.02e-05	-6.02e-05	-0.00630*	-0.00648*	-0.00585*	-0.00577*	1.23e-05	-4.23e-05	0.000140	0.000137	-0.00658	-0.00683	-0.00532	-0.00535	0.00519	0.00493	0.00606	0.00601	-0.000886	-0.000897	-0.000930	-0.000918	0.000865*	0.000876*	0.000849*	0.000862*	-5.83e-05	-5.92e-05	-6.00e-05	-5.97e-05
	(0.00232)	(0.00231)	(0.00223)	(0.00223)	(0.000621)	(0.000621)	(0.000620)	(0.000620)	(0.00640)	(0.00637)	(0.00629)	(0.00629)	(0.00367)	(0.00368)	(0.00369)	(0.00369)	(0.000446)	(0.000446)	(0.000446)	(0.000446)	(0.000391)	(0.000391)	(0.000391)	(0.000391)	(6.36e-05)	(6.36e-05)	(6.37e-05)	(6.37e-05)	(0.00346)	(0.00340)	(0.00322)	(0.00321)	(0.000933)	(0.000937)	(0.000905)	(0.000907)	(0.00965)	(0.00964)	(0.00941)	(0.00942)	(0.00523)	(0.00522)	(0.00497)	(0.00497)	(0.000593)	(0.000593)	(0.000588)	(0.000587)	(0.000497)	(0.000496)	(0.000497)	(0.000496)	(8.84e-05)	(8.85e-05)	(8.95e-05)	(8.94e-05)
agefirstbirth	0.277***	0.274***	0.163***	0.163***	0.0691***	0.0682***	0.0307***	0.0307***	1.048***	1.027***	0.639***	0.639***	0.401***	0.395***	0.182**	0.182**	-0.0187**	-0.0181**	-0.0185**	-0.0185**	-0.0166**	-0.0168**	-0.0141*	-0.0141*	0.000846	0.000857	9.60e-05	9.60e-05	0.369***	0.365***	0.188***	0.180***	0.0974***	0.0957***	0.0505***	0.0520***	1.478***	1.460***	0.999***	1.010***	0.523***	0.502***	0.244***	0.262***	-0.0202**	-0.0210**	-0.0221**	-0.0255**	-0.0254***	-0.0260***	-0.0248**	-0.0286***	-4.15e-05	4.50e-05	-0.00113	-0.00121
	(0.0380)	(0.0385)	(0.0403)	(0.0403)	(0.0115)	(0.0115)	(0.0119)	(0.0119)	(0.126)	(0.126)	(0.129)	(0.129)	(0.0710)	(0.0716)	(0.0715)	(0.0715)	(0.00843)	(0.00849)	(0.00888)	(0.00888)	(0.00741)	(0.00746)	(0.00780)	(0.00780)	(0.00125)	(0.00125)	(0.00130)	(0.00130)	(0.0506)	(0.0505)	(0.0531)	(0.0532)	(0.0140)	(0.0140)	(0.0152)	(0.0152)	(0.153)	(0.154)	(0.163)	(0.164)	(0.0916)	(0.0925)	(0.0934)	(0.0933)	(0.0102)	(0.0102)	(0.0108)	(0.0108)	(0.00910)	(0.00913)	(0.00965)	(0.00965)	(0.00158)	(0.00159)	(0.00167)	(0.00167)
miss_motherage	-113.5*	-111.3*	-100.1*	-100.1*	-24.97*	-25.32*	-21.60	-21.60	-213.0	-214.2	-173.6	-173.6	-33.93	-36.37	-22.62	-22.62	5.812	5.637	5.880	5.880	13.64	13.64	13.34	13.34	-2.747*	-2.766*	-2.657*	-2.657*	-178.4**	-183.0**	-171.8**	-168.5**	-0.422	-1.741	2.243	1.914	-221.0	-227.2	-184.0	-186.4	93.78	87.69	107.5	103.6	-25.55*	-25.81*	-26.11*	-25.24*	11.58	11.89	11.53	12.52	-2.822	-2.849	-2.928	-2.909
	(60.67)	(60.28)	(57.84)	(57.84)	(14.53)	(14.53)	(14.46)	(14.46)	(153.6)	(152.4)	(150.8)	(150.8)	(80.61)	(80.77)	(81.42)	(81.42)	(9.635)	(9.644)	(9.647)	(9.647)	(8.733)	(8.740)	(8.734)	(8.734)	(1.451)	(1.453)	(1.446)	(1.446)	(83.01)	(81.36)	(78.05)	(77.82)	(22.70)	(22.80)	(22.07)	(22.08)	(228.4)	(227.7)	(225.7)	(225.8)	(124.0)	(123.5)	(118.4)	(118.4)	(13.93)	(13.94)	(13.85)	(13.77)	(12.07)	(12.03)	(12.05)	(12.02)	(2.124)	(2.127)	(2.153)	(2.150)
miss_agefirstbirth	7.637***	7.554***	4.391***	4.391***	1.928***	1.905***	0.808**	0.808**	30.61***	30.04***	18.69***	18.69***	10.18***	10.05***	3.688*	3.688*	-0.507**	-0.489**	-0.508**	-0.508**	-0.422*	-0.429**	-0.345	-0.345	0.0360	0.0365	0.0170	0.0170	9.222***	9.119***	4.295***	3.895***	2.316***	2.271***	1.006**	1.097**	39.55***	39.09***	26.54***	27.16***	12.64***	12.07***	4.789*	5.850**	-0.335	-0.354	-0.388	-0.586**	-0.441*	-0.459*	-0.415	-0.639**	0.0337	0.0360	0.00333	-0.00107
	(1.115)	(1.132)	(1.188)	(1.188)	(0.344)	(0.346)	(0.356)	(0.356)	(3.772)	(3.785)	(3.859)	(3.859)	(2.075)	(2.087)	(2.084)	(2.084)	(0.243)	(0.244)	(0.256)	(0.256)	(0.217)	(0.217)	(0.228)	(0.228)	(0.0361)	(0.0363)	(0.0372)	(0.0372)	(1.368)	(1.381)	(1.450)	(1.485)	(0.385)	(0.387)	(0.417)	(0.428)	(4.214)	(4.242)	(4.503)	(4.610)	(2.489)	(2.508)	(2.519)	(2.568)	(0.271)	(0.272)	(0.290)	(0.294)	(0.242)	(0.243)	(0.259)	(0.264)	(0.0427)	(0.0432)	(0.0445)	(0.0452)
_mother_edu1			-6.942***	-6.942***			-2.465***	-2.465***			-23.27***	-23.27***			-14.83***	-14.83***			0.334	0.334			0.170	0.170			-0.0249	-0.0249			-7.754***	-7.766***			-2.057***	-2.053***			-18.64***	-18.61***			-12.70***	-12.65***			0.351	0.338			0.197	0.183			-0.0395	-0.0398
			(0.927)	(0.927)			(0.296)	(0.296)			(2.974)	(2.974)			(1.725)	(1.725)			(0.207)	(0.207)			(0.182)	(0.182)			(0.0320)	(0.0320)			(1.083)	(1.078)			(0.377)	(0.377)			(3.672)	(3.667)			(1.953)	(1.945)			(0.244)	(0.244)			(0.211)	(0.210)			(0.0373)	(0.0373)
_mother_edu2			-6.935***	-6.935***			-2.004***	-2.004***			-19.67***	-19.67***			-9.665***	-9.665***			0.394*	0.394*			0.182	0.182			-0.0216	-0.0216			-6.867***	-6.864***			-1.843***	-1.844***			-20.09***	-20.10***			-9.275***	-9.292***			0.250	0.250			0.119	0.120			0.0102	0.0102
			(0.865)	(0.865)			(0.288)	(0.288)			(3.020)	(3.020)			(1.649)	(1.649)			(0.217)	(0.217)			(0.183)	(0.183)			(0.0331)	(0.0331)			(1.041)	(1.039)			(0.390)	(0.390)			(3.739)	(3.732)			(2.049)	(2.045)			(0.256)	(0.254)			(0.217)	(0.215)			(0.0402)	(0.0402)
_mother_edu3			-4.899***	-4.899***			-1.200***	-1.200***			-12.39***	-12.39***			-6.850***	-6.850***			0.293	0.293			-0.00665	-0.00665			-0.0527*	-0.0527*			-4.577***	-4.568***			-0.979***	-0.981***			-12.95***	-12.97***			-5.334***	-5.365***			0.0656	0.0690			-0.00995	-0.00607			-0.0270	-0.0269
			(0.681)	(0.681)			(0.233)	(0.233)			(2.418)	(2.418)			(1.373)	(1.373)			(0.180)	(0.180)			(0.152)	(0.152)			(0.0279)	(0.0279)			(0.884)	(0.881)			(0.335)	(0.336)			(3.233)	(3.227)			(1.717)	(1.713)			(0.226)	(0.225)			(0.190)	(0.188)			(0.0346)	(0.0347)
_mother_edu4			-3.536***	-3.536***			-1.203***	-1.203***			-10.89***	-10.89***			-5.788***	-5.788***			0.313*	0.313*			0.0641	0.0641			-0.0182	-0.0182			-3.041***	-3.025***			-1.026***	-1.032***			-12.08***	-12.12***			-5.537***	-5.608***			0.501**	0.512**			0.119	0.131			0.0166	0.0168
			(0.723)	(0.723)			(0.245)	(0.245)			(2.498)	(2.498)			(1.439)	(1.439)			(0.188)	(0.188)			(0.159)	(0.159)			(0.0297)	(0.0297)			(0.930)	(0.928)			(0.345)	(0.346)			(3.310)	(3.306)			(1.860)	(1.858)			(0.236)	(0.235)			(0.199)	(0.197)			(0.0372)	(0.0373)
_mother_edu5			-2.276***	-2.276***			-0.584***	-0.584***			-4.531**	-4.531**			-3.703***	-3.703***			0.450***	0.450***			0.00264	0.00264			-0.00572	-0.00572			-1.598*	-1.589*			-0.333	-0.334			-3.896	-3.906			-2.183	-2.196			0.284	0.285			0.0698	0.0702			0.00646	0.00647
			(0.636)	(0.636)			(0.221)	(0.221)			(2.270)	(2.270)			(1.305)	(1.305)			(0.174)	(0.174)			(0.145)	(0.145)			(0.0273)	(0.0273)			(0.826)	(0.823)			(0.314)	(0.314)			(3.018)	(3.012)			(1.626)	(1.623)			(0.218)	(0.217)			(0.181)	(0.179)			(0.0335)	(0.0336)
_mother_edu7			-6.083***	-6.083***			-1.184***	-1.184***			-16.04***	-16.04***			-11.71***	-11.71***			0.294	0.294			0.106	0.106			0.0332	0.0332			-6.536***	-6.462***			-1.437***	-1.448***			-17.82***	-17.90***			-11.84***	-11.98***			0.540*	0.563*			0.464*	0.490*			-0.0199	-0.0194
			(1.477)	(1.477)			(0.359)	(0.359)			(4.515)	(4.515)			(2.275)	(2.275)			(0.295)	(0.295)			(0.264)	(0.264)			(0.0534)	(0.0534)			(1.355)	(1.361)			(0.444)	(0.445)			(4.452)	(4.445)			(2.433)	(2.431)			(0.298)	(0.298)			(0.276)	(0.274)			(0.0462)	(0.0463)
height		4.044	2.586	2.586		1.149	0.645	0.645		16.10**	10.96	10.96		6.680	3.236	3.236		-0.154	-0.177	-0.177		0.157	0.196	0.196		0.0176	0.0126	0.0126		6.281**	3.078	3.175		1.438*	0.662	0.638		12.76	6.258	6.097		14.76***	9.862**	9.583*		0.506	0.573	0.628		0.330	0.414	0.477		-0.0477	-0.0656	-0.0644
		(2.530)	(2.433)	(2.433)		(0.706)	(0.685)	(0.685)		(7.225)	(6.995)	(6.995)		(4.288)	(4.190)	(4.190)		(0.522)	(0.523)	(0.523)		(0.456)	(0.457)	(0.457)		(0.0733)	(0.0732)	(0.0732)		(3.020)	(2.860)	(2.864)		(0.859)	(0.853)	(0.852)		(8.720)	(8.649)	(8.644)		(5.077)	(4.931)	(4.923)		(0.602)	(0.605)	(0.602)		(0.513)	(0.512)	(0.512)		(0.0827)	(0.0825)	(0.0826)
miss_height		2.369	0.878	0.878		0.698	0.320	0.320		20.62	16.61	16.61		3.500	1.000	1.000		-0.634	-0.668	-0.668		0.237	0.259	0.259		-0.0177	-0.0268	-0.0268		5.794	2.133	2.399		1.586	0.701	0.635		17.71	10.12	9.686		21.23**	15.97*	15.22*		0.694	0.774	0.919		0.723	0.800	0.964		-0.0943	-0.110	-0.107
		(4.488)	(4.312)	(4.312)		(1.248)	(1.203)	(1.203)		(12.84)	(12.49)	(12.49)		(7.643)	(7.369)	(7.369)		(0.914)	(0.913)	(0.913)		(0.801)	(0.802)	(0.802)		(0.124)	(0.123)	(0.123)		(5.275)	(5.004)	(5.012)		(1.479)	(1.453)	(1.451)		(15.19)	(14.97)	(14.96)		(8.668)	(8.356)	(8.342)		(1.024)	(1.028)	(1.025)		(0.884)	(0.883)	(0.884)		(0.145)	(0.144)	(0.144)
Constant	167.7***	160.3***	161.9***	161.9***	26.55**	25.29*	25.36*	25.36*	270.8*	247.0*	244.3*	244.3*	147.0**	140.3*	150.8**	150.8**	-1.431	-0.969	-1.532	-1.532	-10.83	-11.08	-11.05	-11.05	3.073**	3.070**	3.007**	3.007**	235.1***	229.0***	233.8***	231.1***	5.034	3.756	3.526	3.846	274.8	259.5	256.6	258.0	25.11	5.776	9.430	13.50	26.50**	25.92**	26.00**	25.11**	-6.156	-6.897	-6.721	-7.723	2.317	2.411	2.553	2.533
	(54.52)	(53.42)	(51.67)	(51.67)	(13.26)	(13.27)	(13.19)	(13.19)	(151.0)	(149.4)	(148.3)	(148.3)	(74.93)	(75.72)	(75.76)	(75.76)	(9.572)	(9.591)	(9.596)	(9.596)	(8.568)	(8.577)	(8.576)	(8.576)	(1.414)	(1.418)	(1.407)	(1.407)	(82.10)	(79.13)	(76.44)	(76.21)	(20.76)	(20.85)	(20.15)	(20.17)	(210.8)	(209.2)	(207.4)	(207.5)	(122.0)	(122.2)	(117.0)	(117.1)	(12.86)	(12.89)	(12.80)	(12.74)	(11.13)	(11.09)	(11.12)	(11.06)	(1.957)	(1.969)	(1.994)	(1.992)
																																																								
Observations	4,579	4,579	4,579	4,579	4,247	4,247	4,247	4,247	4,190	4,190	4,190	4,190	4,233	4,233	4,233	4,233	4,316	4,316	4,316	4,316	4,316	4,316	4,316	4,316	4,316	4,316	4,316	4,316	3,437	3,437	3,437	3,437	3,157	3,157	3,157	3,157	3,110	3,110	3,110	3,110	3,141	3,141	3,141	3,141	3,217	3,217	3,217	3,217	3,217	3,217	3,217	3,217	3,217	3,217	3,217	3,217
R-squared	0.090	0.093	0.119	0.119	0.070	0.073	0.112	0.112	0.118	0.120	0.154	0.154	0.068	0.071	0.106	0.106	0.021	0.022	0.024	0.024	0.033	0.033	0.034	0.034	0.022	0.022	0.026	0.026	0.094	0.100	0.138	0.139	0.078	0.081	0.115	0.116	0.136	0.137	0.164	0.164	0.072	0.076	0.112	0.113	0.028	0.028	0.034	0.038	0.042	0.043	0.046	0.052	0.025	0.025	0.030	0.030
Robust standard errors in parentheses																																																								
*** p<0.01, ** p<0.05, * p<0.1																																																								
