	(1)	(2)	(3)	(4)	(5)	(6)	(7)	(8)	(9)	(10)	(11)	(12)	(13)	(14)	(15)	(16)	(17)	(18)	(19)	(20)	(21)	(22)	(23)	(24)	(25)	(26)	(27)	(28)	(29)	(30)	(31)	(32)	(33)	(34)	(35)	(36)	(37)	(38)	(39)	(40)	(41)	(42)	(43)	(44)	(45)	(46)	(47)	(48)	(49)	(50)	(51)	(52)	(53)	(54)	(55)	(56)
VARIABLES	Q_Verbal_Similarities	Q_Verbal_Similarities	Q_Verbal_Similarities	Q_Verbal_Similarities	Q_Number_Skills	Q_Number_Skills	Q_Number_Skills	Q_Number_Skills	Q_Word_Reading	Q_Word_Reading	Q_Word_Reading	Q_Word_Reading	Q_Pattern_Construction	Q_Pattern_Construction	Q_Pattern_Construction	Q_Pattern_Construction	Q_Help_Reading_Freq	Q_Help_Reading_Freq	Q_Help_Reading_Freq	Q_Help_Reading_Freq	Q_Help_Writing_Freq	Q_Help_Writing_Freq	Q_Help_Writing_Freq	Q_Help_Writing_Freq	Q_Proactive_School_Selection	Q_Proactive_School_Selection	Q_Proactive_School_Selection	Q_Proactive_School_Selection	Q_Verbal_Similarities	Q_Verbal_Similarities	Q_Verbal_Similarities	Q_Verbal_Similarities	Q_Number_Skills	Q_Number_Skills	Q_Number_Skills	Q_Number_Skills	Q_Word_Reading	Q_Word_Reading	Q_Word_Reading	Q_Word_Reading	Q_Pattern_Construction	Q_Pattern_Construction	Q_Pattern_Construction	Q_Pattern_Construction	Q_Help_Reading_Freq	Q_Help_Reading_Freq	Q_Help_Reading_Freq	Q_Help_Reading_Freq	Q_Help_Writing_Freq	Q_Help_Writing_Freq	Q_Help_Writing_Freq	Q_Help_Writing_Freq	Q_Proactive_School_Selection	Q_Proactive_School_Selection	Q_Proactive_School_Selection	Q_Proactive_School_Selection
																																																								
fert	-0.558*	-0.592**	-0.359	-0.359	-0.153	-0.153	-0.0794	-0.0794	-3.632***	-3.680***	-2.800**	-2.800**	-1.024*	-1.052*	-0.551	-0.551	-0.0274	-0.0261	-0.0319	-0.0319	-0.0650	-0.0626	-0.0657	-0.0657	-1.16e-05	-0.00110	-0.00270	-0.00270	-0.912**	-0.917**	-0.812**	-0.872**	0.0575	0.0451	0.116	0.123	-3.119**	-2.978**	-2.013	-1.995	-0.0905	-0.0794	0.247	0.303	-0.0636	-0.0641	-0.0881	-0.0927	-0.0146	-0.0204	-0.0377	-0.0458	-0.00612	-0.00858	-0.00464	-0.00549
	(0.295)	(0.298)	(0.294)	(0.294)	(0.0946)	(0.0952)	(0.0942)	(0.0942)	(1.147)	(1.151)	(1.124)	(1.124)	(0.608)	(0.611)	(0.615)	(0.615)	(0.0644)	(0.0640)	(0.0638)	(0.0638)	(0.0570)	(0.0569)	(0.0576)	(0.0576)	(0.0101)	(0.0102)	(0.0105)	(0.0105)	(0.380)	(0.381)	(0.376)	(0.372)	(0.116)	(0.116)	(0.116)	(0.117)	(1.341)	(1.359)	(1.370)	(1.368)	(0.791)	(0.796)	(0.782)	(0.782)	(0.0796)	(0.0800)	(0.0794)	(0.0797)	(0.0664)	(0.0675)	(0.0695)	(0.0694)	(0.0125)	(0.0127)	(0.0125)	(0.0126)
motherage	-21.51**	-21.50**	-20.08**	-20.08**	-4.452*	-4.421*	-3.477	-3.477	-33.11	-31.72	-22.68	-22.68	-3.076	-2.663	2.889	2.889	0.865	0.853	1.077	1.077	2.539*	2.488*	2.444*	2.444*	-0.298	-0.292	-0.322	-0.322	-25.10**	-24.37**	-22.08**	-20.82*	1.387	1.083	2.088	1.989	4.109	2.771	8.035	7.737	7.050	6.931	11.75	10.87	-5.967***	-5.904***	-5.954***	-5.862***	-0.209	-0.236	-0.318	-0.157	-0.535*	-0.550*	-0.546*	-0.530*
	(9.187)	(8.806)	(8.431)	(8.431)	(2.321)	(2.315)	(2.268)	(2.268)	(28.80)	(28.28)	(28.15)	(28.15)	(12.82)	(12.84)	(12.16)	(12.16)	(1.650)	(1.670)	(1.661)	(1.661)	(1.412)	(1.417)	(1.420)	(1.420)	(0.250)	(0.250)	(0.254)	(0.254)	(12.31)	(11.76)	(10.90)	(10.73)	(3.278)	(3.229)	(3.106)	(3.113)	(34.60)	(34.13)	(32.76)	(32.79)	(18.01)	(18.09)	(17.45)	(17.54)	(1.931)	(1.944)	(1.955)	(1.946)	(1.686)	(1.696)	(1.682)	(1.666)	(0.308)	(0.309)	(0.312)	(0.311)
motheragesq	0.651**	0.646**	0.603**	0.603**	0.164**	0.163**	0.132*	0.132*	1.115	1.052	0.744	0.744	0.0568	0.0360	-0.158	-0.158	-0.0191	-0.0184	-0.0276	-0.0276	-0.0840*	-0.0823*	-0.0812	-0.0812	0.00669	0.00629	0.00729	0.00729	0.817*	0.787*	0.696*	0.660*	-0.0370	-0.0269	-0.0645	-0.0623	-0.258	-0.233	-0.434	-0.427	-0.268	-0.266	-0.457	-0.437	0.201***	0.198***	0.201***	0.198***	-0.00353	-0.00349	0.000610	-0.00312	0.0165	0.0170	0.0166	0.0162
	(0.314)	(0.302)	(0.288)	(0.288)	(0.0806)	(0.0805)	(0.0784)	(0.0784)	(0.993)	(0.978)	(0.967)	(0.967)	(0.456)	(0.457)	(0.434)	(0.434)	(0.0577)	(0.0583)	(0.0579)	(0.0579)	(0.0495)	(0.0496)	(0.0496)	(0.0496)	(0.00898)	(0.00896)	(0.00908)	(0.00908)	(0.428)	(0.409)	(0.377)	(0.372)	(0.112)	(0.109)	(0.105)	(0.105)	(1.189)	(1.173)	(1.118)	(1.119)	(0.622)	(0.625)	(0.600)	(0.603)	(0.0665)	(0.0669)	(0.0671)	(0.0668)	(0.0577)	(0.0580)	(0.0575)	(0.0570)	(0.0107)	(0.0107)	(0.0108)	(0.0108)
motheragecub	-0.00638*	-0.00630*	-0.00580*	-0.00580*	-0.00182**	-0.00181**	-0.00146*	-0.00146*	-0.0115	-0.0107	-0.00711	-0.00711	1.67e-05	0.000300	0.00258	0.00258	7.62e-05	6.43e-05	0.000180	0.000180	0.000888	0.000870	0.000860	0.000860	-4.66e-05	-4.08e-05	-5.15e-05	-5.15e-05	-0.00847*	-0.00809*	-0.00696*	-0.00661	0.000345	0.000246	0.000692	0.000677	0.00417	0.00406	0.00654	0.00649	0.00349	0.00352	0.00586	0.00571	-0.00218***	-0.00215***	-0.00218***	-0.00216***	0.000182	0.000187	0.000129	0.000159	-0.000166	-0.000171	-0.000165	-0.000162
	(0.00343)	(0.00330)	(0.00315)	(0.00315)	(0.000891)	(0.000890)	(0.000864)	(0.000864)	(0.0109)	(0.0108)	(0.0106)	(0.0106)	(0.00509)	(0.00511)	(0.00486)	(0.00486)	(0.000639)	(0.000645)	(0.000642)	(0.000642)	(0.000552)	(0.000551)	(0.000551)	(0.000551)	(0.000101)	(0.000101)	(0.000102)	(0.000102)	(0.00472)	(0.00452)	(0.00416)	(0.00410)	(0.00122)	(0.00119)	(0.00114)	(0.00114)	(0.0131)	(0.0129)	(0.0122)	(0.0123)	(0.00684)	(0.00687)	(0.00660)	(0.00664)	(0.000732)	(0.000736)	(0.000737)	(0.000734)	(0.000631)	(0.000633)	(0.000629)	(0.000624)	(0.000117)	(0.000118)	(0.000119)	(0.000118)
agefirstbirth	0.301***	0.278***	0.170***	0.170***	0.0616***	0.0520***	0.0119	0.0119	0.963***	0.834***	0.397*	0.397*	0.448***	0.430***	0.195*	0.195*	-0.00536	-0.00929	-0.0133	-0.0133	-0.0113	-0.0122	-0.0103	-0.0103	6.80e-05	0.000381	-0.000233	-0.000233	0.386***	0.356***	0.148*	0.115	0.0901***	0.0839***	0.0379*	0.0433*	1.424***	1.232***	0.679**	0.694**	0.539***	0.504***	0.231*	0.279**	-0.0197	-0.0195	-0.0215	-0.0258	-0.0210	-0.0187	-0.0159	-0.0234*	0.00128	0.00241	0.00108	0.000284
	(0.0545)	(0.0584)	(0.0600)	(0.0600)	(0.0170)	(0.0179)	(0.0183)	(0.0183)	(0.208)	(0.221)	(0.229)	(0.229)	(0.106)	(0.112)	(0.109)	(0.109)	(0.0119)	(0.0125)	(0.0129)	(0.0129)	(0.0102)	(0.0107)	(0.0111)	(0.0111)	(0.00192)	(0.00196)	(0.00206)	(0.00206)	(0.0727)	(0.0778)	(0.0790)	(0.0802)	(0.0209)	(0.0223)	(0.0229)	(0.0233)	(0.244)	(0.257)	(0.269)	(0.274)	(0.136)	(0.144)	(0.137)	(0.140)	(0.0149)	(0.0154)	(0.0160)	(0.0159)	(0.0128)	(0.0133)	(0.0138)	(0.0138)	(0.00235)	(0.00237)	(0.00245)	(0.00244)
miss_motherage	-228.4**	-229.4***	-209.8**	-209.8**	-37.88*	-37.95*	-26.62	-26.62	-324.6	-320.4	-211.1	-211.1	-29.93	-27.70	36.19	36.19	9.487	9.223	11.04	11.04	25.01*	24.44*	23.77*	23.77*	-3.914*	-3.898*	-4.180*	-4.180*	-237.9**	-233.6**	-211.7**	-196.3*	16.16	13.50	23.16	21.56	-4.013	-33.63	21.29	16.59	91.27	90.99	135.4	121.4	-57.16***	-56.97***	-56.80***	-55.39***	-0.747	-1.493	-1.922	0.542	-5.844**	-5.896**	-5.869**	-5.611*
	(88.72)	(85.00)	(81.44)	(81.44)	(22.16)	(22.04)	(21.69)	(21.69)	(276.0)	(269.9)	(270.0)	(270.0)	(117.9)	(117.9)	(111.6)	(111.6)	(15.55)	(15.79)	(15.72)	(15.72)	(13.35)	(13.43)	(13.48)	(13.48)	(2.267)	(2.272)	(2.318)	(2.318)	(115.6)	(111.0)	(104.2)	(102.6)	(31.83)	(31.57)	(30.39)	(30.45)	(332.6)	(328.5)	(318.9)	(318.8)	(172.8)	(174.0)	(169.4)	(170.0)	(18.51)	(18.67)	(18.89)	(18.82)	(16.33)	(16.47)	(16.31)	(16.17)	(2.888)	(2.878)	(2.916)	(2.905)
miss_agefirstbirth	8.135***	7.562***	4.181**	4.181**	1.932***	1.667***	0.383	0.383	29.68***	26.01***	12.26*	12.26*	12.15***	11.66***	4.061	4.061	-0.155	-0.279	-0.370	-0.370	-0.270	-0.308	-0.244	-0.244	-0.00480	0.00246	-0.0164	-0.0164	9.982***	9.392***	3.339	1.901	2.330***	2.193***	0.725	0.970	41.03***	36.67***	19.79***	20.48***	13.25***	12.67***	4.452	6.593*	-0.463	-0.479	-0.525	-0.720*	-0.495	-0.472	-0.390	-0.730*	0.0368	0.0595	0.0201	-0.0156
	(1.607)	(1.715)	(1.774)	(1.774)	(0.500)	(0.524)	(0.537)	(0.537)	(6.191)	(6.599)	(6.860)	(6.860)	(3.085)	(3.214)	(3.170)	(3.170)	(0.343)	(0.361)	(0.376)	(0.376)	(0.298)	(0.309)	(0.324)	(0.324)	(0.0556)	(0.0570)	(0.0599)	(0.0599)	(1.929)	(2.054)	(2.112)	(2.222)	(0.565)	(0.595)	(0.625)	(0.650)	(6.549)	(6.901)	(7.448)	(7.780)	(3.601)	(3.731)	(3.646)	(3.845)	(0.388)	(0.402)	(0.424)	(0.432)	(0.333)	(0.342)	(0.364)	(0.374)	(0.0625)	(0.0625)	(0.0645)	(0.0658)
_mother_edu1			-4.654***	-4.654***			-1.965***	-1.965***			-19.29***	-19.29***			-14.60***	-14.60***			0.398	0.398			0.183	0.183			-0.00509	-0.00509			-5.131***	-5.087***			-1.206**	-1.205**			-5.945	-5.953			-13.61***	-13.62***			0.367	0.363			0.186	0.179			-0.0538	-0.0545
			(1.368)	(1.368)			(0.457)	(0.457)			(5.099)	(5.099)			(2.882)	(2.882)			(0.307)	(0.307)			(0.268)	(0.268)			(0.0414)	(0.0414)			(1.600)	(1.578)			(0.541)	(0.542)			(6.433)	(6.426)			(3.221)	(3.244)			(0.368)	(0.370)			(0.295)	(0.294)			(0.0562)	(0.0566)
_mother_edu2			-5.471***	-5.471***			-1.732***	-1.732***			-17.58***	-17.58***			-10.06***	-10.06***			0.501	0.501			0.255	0.255			0.0576	0.0576			-3.801**	-3.752**			-0.746	-0.752			-6.680	-6.707			-6.560**	-6.641**			0.0853	0.0886			0.200	0.206			0.0153	0.0159
			(1.286)	(1.286)			(0.467)	(0.467)			(5.143)	(5.143)			(2.889)	(2.889)			(0.320)	(0.320)			(0.265)	(0.265)			(0.0515)	(0.0515)			(1.566)	(1.554)			(0.572)	(0.573)			(6.427)	(6.418)			(3.313)	(3.339)			(0.375)	(0.376)			(0.296)	(0.295)			(0.0630)	(0.0633)
_mother_edu3			-2.416**	-2.416**			-0.749*	-0.749*			-8.976**	-8.976**			-5.736**	-5.736**			0.250	0.250			0.0310	0.0310			0.00209	0.00209			-1.223	-1.206			0.240	0.245			0.605	0.607			-4.388	-4.367			0.0442	0.0385			0.0567	0.0468			-0.0187	-0.0197
			(1.027)	(1.027)			(0.387)	(0.387)			(4.113)	(4.113)			(2.348)	(2.348)			(0.267)	(0.267)			(0.223)	(0.223)			(0.0366)	(0.0366)			(1.315)	(1.299)			(0.490)	(0.492)			(5.711)	(5.704)			(2.907)	(2.938)			(0.335)	(0.337)			(0.263)	(0.263)			(0.0537)	(0.0541)
_mother_edu4			-1.072	-1.072			-1.096***	-1.096***			-8.970**	-8.970**			-6.032**	-6.032**			0.393	0.393			0.136	0.136			0.0621	0.0621			0.0452	0.0712			-0.109	-0.115			-0.823	-0.852			-5.204*	-5.275*			0.557	0.559			0.164	0.168			0.0276	0.0280
			(1.067)	(1.067)			(0.396)	(0.396)			(4.182)	(4.182)			(2.414)	(2.414)			(0.273)	(0.273)			(0.230)	(0.230)			(0.0408)	(0.0408)			(1.337)	(1.322)			(0.504)	(0.506)			(5.667)	(5.655)			(3.031)	(3.063)			(0.343)	(0.345)			(0.273)	(0.272)			(0.0567)	(0.0571)
_mother_edu5			-0.742	-0.742			-0.284	-0.284			-2.069	-2.069			-4.056*	-4.056*			0.561**	0.561**			0.0303	0.0303			0.0412	0.0412			1.425	1.409			0.428	0.442			7.364	7.396			-1.416	-1.302			0.456	0.442			0.119	0.0943			-0.0150	-0.0176
			(0.909)	(0.909)			(0.360)	(0.360)			(3.841)	(3.841)			(2.191)	(2.191)			(0.250)	(0.250)			(0.206)	(0.206)			(0.0343)	(0.0343)			(1.223)	(1.205)			(0.457)	(0.459)			(5.258)	(5.256)			(2.708)	(2.742)			(0.308)	(0.309)			(0.238)	(0.237)			(0.0492)	(0.0496)
_mother_edu7			-3.611*	-3.611*			-0.920*	-0.920*			-18.60***	-18.60***			-10.49***	-10.49***			0.705*	0.705*			0.299	0.299			0.0793	0.0793			-4.449**	-4.226**			-0.437	-0.457			-11.88*	-11.95*			-10.01**	-10.20**			0.788*	0.803*			0.496	0.522			-0.0755	-0.0728
			(1.941)	(1.941)			(0.537)	(0.537)			(6.814)	(6.814)			(3.420)	(3.420)			(0.397)	(0.397)			(0.347)	(0.347)			(0.0718)	(0.0718)			(1.903)	(1.916)			(0.633)	(0.634)			(7.053)	(7.033)			(4.003)	(4.031)			(0.416)	(0.419)			(0.376)	(0.374)			(0.0628)	(0.0635)
_inc1			1.125	1.125			0.171	0.171			-9.668	-9.668			1.536	1.536			0.298	0.298			0.406	0.406			0.0404	0.0404			0.802	0.973			0.472	0.430			-0.286	-0.410			0.430	0.0713			-0.119	-0.0864			-0.262	-0.204			-0.117**	-0.111**
			(3.178)	(3.178)			(1.200)	(1.200)			(9.857)	(9.857)			(9.117)	(9.117)			(0.770)	(0.770)			(0.759)	(0.759)			(0.149)	(0.149)			(3.027)	(3.026)			(1.064)	(1.070)			(12.41)	(12.42)			(6.458)	(6.548)			(0.664)	(0.672)			(0.573)	(0.578)			(0.0510)	(0.0518)
_inc2			-1.287	-1.287			-0.502*	-0.502*			-6.481**	-6.481**			-3.751**	-3.751**			-0.321*	-0.321*			-0.192	-0.192			0.0279	0.0279			-2.919***	-3.059***			-0.614*	-0.587*			-10.05***	-9.978***			-1.254	-1.011			0.0987	0.0759			0.198	0.159			-0.0359	-0.0401
			(0.906)	(0.906)			(0.262)	(0.262)			(3.097)	(3.097)			(1.576)	(1.576)			(0.187)	(0.187)			(0.160)	(0.160)			(0.0318)	(0.0318)			(1.014)	(1.021)			(0.319)	(0.320)			(3.612)	(3.612)			(1.950)	(1.945)			(0.222)	(0.222)			(0.179)	(0.179)			(0.0359)	(0.0359)
_inc3			-1.466*	-1.466*			-0.464*	-0.464*			-5.531**	-5.531**			-3.844**	-3.844**			-0.125	-0.125			-0.157	-0.157			0.00762	0.00762			-3.245***	-3.360***			-0.530*	-0.509*			-8.406**	-8.349**			-2.712	-2.522			0.143	0.125			0.0249	-0.00693			-0.0418	-0.0452
			(0.832)	(0.832)			(0.247)	(0.247)			(2.747)	(2.747)			(1.572)	(1.572)			(0.182)	(0.182)			(0.154)	(0.154)			(0.0278)	(0.0278)			(0.946)	(0.952)			(0.308)	(0.308)			(3.296)	(3.299)			(1.906)	(1.894)			(0.215)	(0.215)			(0.167)	(0.165)			(0.0310)	(0.0310)
_inc4			-0.0454	-0.0454			-0.0807	-0.0807			0.811	0.811			-0.665	-0.665			0.0445	0.0445			-0.225*	-0.225*			-0.00811	-0.00811			-2.165**	-2.202**			-0.399	-0.397			-3.283	-3.277			-0.957	-0.930			0.320	0.318			-0.0582	-0.0623			-0.0240	-0.0244
			(0.746)	(0.746)			(0.207)	(0.207)			(2.311)	(2.311)			(1.286)	(1.286)			(0.159)	(0.159)			(0.131)	(0.131)			(0.0238)	(0.0238)			(0.894)	(0.898)			(0.284)	(0.283)			(2.999)	(2.999)			(1.713)	(1.706)			(0.207)	(0.205)			(0.163)	(0.160)			(0.0323)	(0.0322)
_inc6			2.031***	2.031***			0.610***	0.610***			4.437**	4.437**			1.483	1.483			-0.390**	-0.390**			-0.275**	-0.275**			0.0127	0.0127			1.263	1.212			0.757***	0.765***			7.197**	7.218**			1.355	1.417			-0.230	-0.236			0.0361	0.0242			-0.0156	-0.0168
			(0.671)	(0.671)			(0.203)	(0.203)			(2.214)	(2.214)			(1.288)	(1.288)			(0.156)	(0.156)			(0.126)	(0.126)			(0.0246)	(0.0246)			(0.920)	(0.917)			(0.266)	(0.266)			(3.110)	(3.108)			(1.831)	(1.828)			(0.215)	(0.216)			(0.176)	(0.175)			(0.0343)	(0.0342)
height		7.781**	5.314	5.314		0.786	-0.0877	-0.0877		30.78**	21.52*	21.52*		11.24*	6.359	6.359		-0.991	-0.911	-0.911		-0.550	-0.458	-0.458		0.113	0.109	0.109		12.40***	7.514*	7.813*		0.600	-0.415	-0.479		33.14**	22.13	21.96		7.394	1.701	1.168		1.277	1.296	1.348		0.953	1.047	1.138		-0.0765	-0.100	-0.0907
		(3.694)	(3.582)	(3.582)		(1.025)	(0.990)	(0.990)		(11.99)	(11.71)	(11.71)		(6.699)	(6.501)	(6.501)		(0.744)	(0.745)	(0.745)		(0.638)	(0.638)	(0.638)		(0.110)	(0.110)	(0.110)		(4.675)	(4.241)	(4.230)		(1.298)	(1.275)	(1.272)		(14.21)	(14.18)	(14.21)		(8.102)	(7.786)	(7.794)		(0.891)	(0.889)	(0.887)		(0.760)	(0.749)	(0.745)		(0.119)	(0.120)	(0.120)
daily_cig_before_preg		-0.0177	0.0422	0.0422		-0.0163*	0.00335	0.00335		-0.170	0.0516	0.0516		0.00765	0.119**	0.119**		-0.0136**	-0.0135*	-0.0135*		-0.00654	-0.00853	-0.00853		0.00109	0.000862	0.000862		-0.0279	0.0626	0.0535		-0.00736	0.0136	0.0153		-0.287**	-0.0254	-0.0206		-0.0217	0.0845	0.0989		0.00235	0.00190	0.000526		0.00410	0.00146	-0.000934		0.00197	0.00244*	0.00219
		(0.0334)	(0.0345)	(0.0345)		(0.00964)	(0.00931)	(0.00931)		(0.116)	(0.115)	(0.115)		(0.0571)	(0.0581)	(0.0581)		(0.00687)	(0.00706)	(0.00706)		(0.00629)	(0.00660)	(0.00660)		(0.00114)	(0.00122)	(0.00122)		(0.0410)	(0.0409)	(0.0414)		(0.0123)	(0.0121)	(0.0122)		(0.134)	(0.136)	(0.136)		(0.0720)	(0.0735)	(0.0740)		(0.00781)	(0.00806)	(0.00809)		(0.00678)	(0.00700)	(0.00701)		(0.00130)	(0.00136)	(0.00135)
weekly_alcohol_b_preg		-0.0120	-0.0147	-0.0147		0.00818	0.00842	0.00842		0.0257	0.0323	0.0323		-0.0284	-0.0166	-0.0166		-0.0117	-0.0105	-0.0105		-0.00410	-0.00393	-0.00393		-0.00121	-0.00111	-0.00111		0.0420	0.0445	0.0461		0.0103	0.00789	0.00770		0.00798	-0.0248	-0.0253		0.0423	0.0306	0.0290		-0.00947*	-0.00829	-0.00808		-0.00451	-0.00492	-0.00456		-0.000291	-0.000237	-0.000198
		(0.0378)	(0.0365)	(0.0365)		(0.00936)	(0.00941)	(0.00941)		(0.113)	(0.113)	(0.113)		(0.0871)	(0.0834)	(0.0834)		(0.00783)	(0.00795)	(0.00795)		(0.00667)	(0.00669)	(0.00669)		(0.000943)	(0.000931)	(0.000931)		(0.0293)	(0.0290)	(0.0296)		(0.00918)	(0.00948)	(0.00956)		(0.103)	(0.104)	(0.104)		(0.0802)	(0.0753)	(0.0751)		(0.00564)	(0.00567)	(0.00571)		(0.00512)	(0.00514)	(0.00527)		(0.00125)	(0.00122)	(0.00123)
complications_during_preg		-0.687	-0.683	-0.683		-0.126	-0.131	-0.131		0.279	0.0503	0.0503		-0.542	-0.651	-0.651		0.220**	0.195*	0.195*		0.246***	0.243***	0.243***		0.0166	0.0167	0.0167		-0.124	-0.164	-0.140		-0.118	-0.121	-0.121		-1.019	-0.942	-0.946		-1.839*	-2.159**	-2.170**		0.102	0.0855	0.0863		0.201*	0.204**	0.205**		0.0207	0.0174	0.0175
		(0.508)	(0.499)	(0.499)		(0.145)	(0.141)	(0.141)		(1.612)	(1.581)	(1.581)		(0.889)	(0.868)	(0.868)		(0.103)	(0.103)	(0.103)		(0.0883)	(0.0885)	(0.0885)		(0.0163)	(0.0165)	(0.0165)		(0.633)	(0.613)	(0.615)		(0.176)	(0.173)	(0.173)		(1.926)	(1.908)	(1.909)		(1.112)	(1.088)	(1.087)		(0.122)	(0.123)	(0.122)		(0.103)	(0.104)	(0.103)		(0.0178)	(0.0177)	(0.0177)
miss_height		11.30*	7.416	7.416		1.615	0.282	0.282		60.08***	46.34**	46.34**		16.78	9.631	9.631		-1.820	-1.704	-1.704		-0.805	-0.687	-0.687		0.134	0.137	0.137		15.70**	9.148	9.865		0.186	-1.226	-1.367		50.61**	34.60	34.22		9.602	3.150	1.956		2.291	2.254	2.371		1.838	1.980	2.186*		-0.131	-0.134	-0.112
		(6.381)	(6.221)	(6.221)		(1.830)	(1.779)	(1.779)		(20.88)	(20.49)	(20.49)		(11.95)	(11.41)	(11.41)		(1.284)	(1.284)	(1.284)		(1.109)	(1.118)	(1.118)		(0.188)	(0.188)	(0.188)		(7.986)	(7.362)	(7.342)		(2.219)	(2.180)	(2.178)		(24.33)	(24.14)	(24.21)		(13.74)	(13.07)	(13.12)		(1.511)	(1.513)	(1.514)		(1.291)	(1.285)	(1.280)		(0.203)	(0.204)	(0.205)
miss_daily_cig_before_preg		-8.935***	-9.469***	-9.469***		-0.749*	-1.434***	-1.434***		10.98**	7.007	7.007		0.192	-2.891	-2.891		1.247***	1.615***	1.615***		1.788***	1.921***	1.921***		-0.147***	-0.131**	-0.131**		0.353	1.166	1.205		3.049***	2.957**	2.959**		4.389	5.491	5.496		7.607	7.404	7.423		-0.307	-0.465	-0.470		0.0797	-0.0593	-0.0682		0.210***	0.212***	0.211***
		(1.725)	(1.465)	(1.465)		(0.454)	(0.479)	(0.479)		(5.379)	(5.621)	(5.621)		(2.883)	(2.966)	(2.966)		(0.319)	(0.352)	(0.352)		(0.268)	(0.296)	(0.296)		(0.0509)	(0.0556)	(0.0556)		(2.574)	(2.755)	(3.040)		(1.109)	(1.302)	(1.335)		(12.66)	(10.78)	(10.84)		(7.863)	(8.286)	(8.515)		(1.191)	(1.224)	(1.274)		(0.891)	(0.887)	(0.976)		(0.0672)	(0.0746)	(0.0716)
miss_weekly_alcohol_b_preg		4.556	4.899	4.899		0.426	0.915	0.915		-20.32	-19.38	-19.38		-3.126	-0.969	-0.969		-0.646	-0.802	-0.802		-1.837**	-1.792**	-1.792**		0.278***	0.281***	0.281***		0	0	0		0	0	0		0	0	0		0	0	0		0	0	0		0	0	0		0	0	0
		(4.261)	(3.797)	(3.797)		(1.471)	(1.447)	(1.447)		(14.26)	(12.29)	(12.29)		(8.297)	(7.771)	(7.771)		(0.884)	(0.958)	(0.958)		(0.756)	(0.836)	(0.836)		(0.0912)	(0.0997)	(0.0997)		(0)	(0)	(0)		(0)	(0)	(0)		(0)	(0)	(0)		(0)	(0)	(0)		(0)	(0)	(0)		(0)	(0)	(0)		(0)	(0)	(0)
miss_complications_during_preg		0	0	0		0	0	0		0	0	0		0	0	0		0	0	0		0	0	0		0	0	0		0	0	0		0	0	0		0	0	0		0	0	0		0	0	0		0	0	0		0	0	0
		(0)	(0)	(0)		(0)	(0)	(0)		(0)	(0)	(0)		(0)	(0)	(0)		(0)	(0)	(0)		(0)	(0)	(0)		(0)	(0)	(0)		(0)	(0)	(0)		(0)	(0)	(0)		(0)	(0)	(0)		(0)	(0)	(0)		(0)	(0)	(0)		(0)	(0)	(0)		(0)	(0)	(0)
Constant	298.7***	289.0***	280.9***	280.9***	49.79**	48.51**	42.39**	42.39**	391.7	340.5	304.2	304.2	167.9	149.1	126.3	126.3	-7.592	-5.940	-7.393	-7.393	-21.72*	-20.42*	-20.04*	-20.04*	2.954	2.755	3.027	3.027	268.6**	244.7**	247.3***	235.7**	-0.00201	1.875	-5.437	0.538	102.5	76.13	77.59	99.53	30.36	18.19	11.52	24.68	54.62***	52.22***	52.11***	51.23***	4.668	3.487	3.452	1.903	4.874*	5.070*	5.220*	5.057*
	(87.35)	(82.14)	(79.17)	(79.17)	(21.62)	(21.62)	(21.31)	(21.31)	(251.4)	(246.3)	(245.9)	(245.9)	(108.4)	(109.0)	(103.2)	(103.2)	(14.07)	(14.31)	(14.23)	(14.23)	(12.03)	(12.10)	(12.13)	(12.13)	(2.094)	(2.092)	(2.127)	(2.127)	(105.1)	(98.38)	(92.79)	(91.44)	(28.33)	(28.09)	(27.33)	(27.17)	(300.1)	(294.9)	(286.8)	(285.0)	(168.4)	(168.5)	(164.2)	(165.0)	(16.73)	(16.84)	(16.94)	(16.86)	(14.66)	(14.73)	(14.59)	(14.46)	(2.639)	(2.665)	(2.707)	(2.700)
																																																								
Observations	2,330	2,330	2,330	2,330	2,137	2,137	2,137	2,137	2,109	2,109	2,109	2,109	2,130	2,130	2,130	2,130	2,182	2,182	2,182	2,182	2,182	2,182	2,182	2,182	2,182	2,182	2,182	2,182	1,760	1,760	1,760	1,760	1,598	1,598	1,598	1,598	1,572	1,572	1,572	1,572	1,588	1,588	1,588	1,588	1,638	1,638	1,638	1,638	1,638	1,638	1,638	1,638	1,638	1,638	1,638	1,638
R-squared	0.120	0.127	0.161	0.161	0.121	0.124	0.176	0.176	0.130	0.137	0.180	0.180	0.106	0.108	0.154	0.154	0.046	0.055	0.068	0.068	0.062	0.069	0.074	0.074	0.035	0.038	0.046	0.046	0.121	0.131	0.194	0.198	0.122	0.128	0.180	0.181	0.165	0.173	0.220	0.220	0.101	0.106	0.149	0.152	0.051	0.055	0.071	0.073	0.064	0.070	0.075	0.084	0.050	0.055	0.066	0.069
Robust standard errors in parentheses																																																								
*** p<0.01, ** p<0.05, * p<0.1																																																								
