	(1)	(2)	(3)	(4)	(5)	(6)	(7)	(8)	(9)	(10)	(11)	(12)	(13)	(14)	(15)	(16)	(17)	(18)	(19)	(20)	(21)	(22)	(23)	(24)	(25)	(26)	(27)	(28)	(29)	(30)	(31)	(32)	(33)	(34)	(35)	(36)	(37)	(38)	(39)	(40)	(41)	(42)	(43)	(44)	(45)	(46)	(47)	(48)	(49)	(50)	(51)	(52)	(53)	(54)	(55)	(56)
VARIABLES	Q_Verbal_Similarities	Q_Verbal_Similarities	Q_Verbal_Similarities	Q_Verbal_Similarities	Q_Number_Skills	Q_Number_Skills	Q_Number_Skills	Q_Number_Skills	Q_Word_Reading	Q_Word_Reading	Q_Word_Reading	Q_Word_Reading	Q_Pattern_Construction	Q_Pattern_Construction	Q_Pattern_Construction	Q_Pattern_Construction	Q_Help_Reading_Freq	Q_Help_Reading_Freq	Q_Help_Reading_Freq	Q_Help_Reading_Freq	Q_Help_Writing_Freq	Q_Help_Writing_Freq	Q_Help_Writing_Freq	Q_Help_Writing_Freq	Q_Proactive_School_Selection	Q_Proactive_School_Selection	Q_Proactive_School_Selection	Q_Proactive_School_Selection	Q_Verbal_Similarities	Q_Verbal_Similarities	Q_Verbal_Similarities	Q_Verbal_Similarities	Q_Number_Skills	Q_Number_Skills	Q_Number_Skills	Q_Number_Skills	Q_Word_Reading	Q_Word_Reading	Q_Word_Reading	Q_Word_Reading	Q_Pattern_Construction	Q_Pattern_Construction	Q_Pattern_Construction	Q_Pattern_Construction	Q_Help_Reading_Freq	Q_Help_Reading_Freq	Q_Help_Reading_Freq	Q_Help_Reading_Freq	Q_Help_Writing_Freq	Q_Help_Writing_Freq	Q_Help_Writing_Freq	Q_Help_Writing_Freq	Q_Proactive_School_Selection	Q_Proactive_School_Selection	Q_Proactive_School_Selection	Q_Proactive_School_Selection
																																																								
fert	-0.270	-0.280	-0.349	-0.349	0.0462	0.0400	0.0433	0.0433	-0.0800	-0.187	-0.157	-0.157	-0.820	-0.929	-0.884	-0.884	-0.0300	-0.0322	-0.0230	-0.0230	-0.178**	-0.173**	-0.182**	-0.182**	0.0173	0.0176	0.0161	0.0161	-1.314***	-1.210***	-1.036**	-1.035**	-0.139	-0.122	-0.0723	-0.0736	-2.820**	-2.445**	-1.720	-1.761	-0.0827	0.00349	0.532	0.530	0.0299	0.0181	0.0494	0.0477	-0.124	-0.132	-0.131	-0.133	0.0176	0.0180	0.0182	0.0185
	(0.436)	(0.431)	(0.438)	(0.438)	(0.121)	(0.121)	(0.122)	(0.122)	(1.182)	(1.176)	(1.185)	(1.185)	(0.710)	(0.704)	(0.723)	(0.723)	(0.0931)	(0.0940)	(0.0965)	(0.0965)	(0.0848)	(0.0849)	(0.0853)	(0.0853)	(0.0118)	(0.0117)	(0.0116)	(0.0116)	(0.448)	(0.431)	(0.437)	(0.437)	(0.139)	(0.138)	(0.138)	(0.138)	(1.281)	(1.240)	(1.252)	(1.245)	(0.780)	(0.777)	(0.797)	(0.796)	(0.102)	(0.103)	(0.105)	(0.104)	(0.0858)	(0.0852)	(0.0851)	(0.0851)	(0.0141)	(0.0140)	(0.0141)	(0.0142)
motherage	-16.90	-17.62	-13.02	-13.02	-7.086	-7.064	-5.678	-5.678	-55.08	-54.95	-39.32	-39.32	-14.74	-14.46	-9.534	-9.534	2.165	2.171	1.666	1.666	2.307	2.304	2.327	2.327	-0.421	-0.422	-0.297	-0.297	-21.91	-25.61*	-20.12	-20.19	-10.62**	-11.02**	-9.056*	-9.177*	-133.0***	-135.7***	-120.4***	-124.5***	-22.34	-25.58	-15.95	-16.10	7.980**	8.035**	8.229**	8.014**	7.647**	7.804**	7.808**	7.579**	-0.940	-0.952	-0.977	-0.937
	(14.13)	(14.43)	(14.55)	(14.55)	(4.458)	(4.498)	(4.690)	(4.690)	(37.37)	(37.45)	(37.16)	(37.16)	(26.15)	(26.27)	(26.95)	(26.95)	(3.532)	(3.535)	(3.635)	(3.635)	(2.990)	(3.008)	(3.000)	(3.000)	(0.379)	(0.378)	(0.382)	(0.382)	(15.28)	(15.19)	(15.03)	(15.00)	(4.990)	(5.001)	(5.006)	(5.001)	(48.40)	(48.19)	(46.62)	(46.48)	(29.99)	(29.68)	(29.54)	(29.54)	(3.711)	(3.744)	(3.622)	(3.646)	(3.240)	(3.241)	(3.145)	(3.151)	(0.628)	(0.632)	(0.620)	(0.619)
motheragesq	0.595	0.619	0.445	0.445	0.241	0.239	0.188	0.188	1.765	1.743	1.173	1.173	0.627	0.594	0.393	0.393	-0.0755	-0.0721	-0.0563	-0.0563	-0.0804	-0.0796	-0.0812	-0.0812	0.0169	0.0171	0.0128	0.0128	0.768	0.901	0.698	0.701	0.364**	0.378**	0.310*	0.314*	4.574***	4.653***	4.106**	4.254**	0.755	0.883	0.547	0.552	-0.284**	-0.285**	-0.293**	-0.285**	-0.273**	-0.278**	-0.278**	-0.270**	0.0336	0.0340	0.0347	0.0333
	(0.508)	(0.516)	(0.520)	(0.520)	(0.156)	(0.157)	(0.163)	(0.163)	(1.325)	(1.325)	(1.313)	(1.313)	(0.936)	(0.937)	(0.957)	(0.957)	(0.127)	(0.127)	(0.131)	(0.131)	(0.106)	(0.106)	(0.107)	(0.107)	(0.0139)	(0.0139)	(0.0141)	(0.0141)	(0.552)	(0.548)	(0.544)	(0.544)	(0.175)	(0.175)	(0.175)	(0.175)	(1.736)	(1.724)	(1.657)	(1.657)	(1.081)	(1.069)	(1.063)	(1.063)	(0.132)	(0.133)	(0.129)	(0.130)	(0.115)	(0.115)	(0.111)	(0.111)	(0.0219)	(0.0220)	(0.0216)	(0.0216)
motheragecub	-0.00684	-0.00710	-0.00505	-0.00505	-0.00275	-0.00272	-0.00213	-0.00213	-0.0188	-0.0184	-0.0117	-0.0117	-0.00787	-0.00728	-0.00473	-0.00473	0.000862	0.000787	0.000632	0.000632	0.000823	0.000809	0.000835	0.000835	-0.000216	-0.000218	-0.000172	-0.000172	-0.00881	-0.0103	-0.00792	-0.00794	-0.00419**	-0.00434**	-0.00356*	-0.00361*	-0.0509**	-0.0516**	-0.0454**	-0.0470**	-0.00858	-0.0101	-0.00629	-0.00635	0.00321**	0.00321**	0.00331**	0.00323**	0.00300**	0.00306**	0.00306**	0.00297**	-0.000393	-0.000397	-0.000406*	-0.000390
	(0.00599)	(0.00604)	(0.00609)	(0.00609)	(0.00178)	(0.00179)	(0.00186)	(0.00186)	(0.0153)	(0.0153)	(0.0151)	(0.0151)	(0.0109)	(0.0109)	(0.0111)	(0.0111)	(0.00150)	(0.00150)	(0.00154)	(0.00154)	(0.00123)	(0.00123)	(0.00124)	(0.00124)	(0.000165)	(0.000165)	(0.000169)	(0.000169)	(0.00651)	(0.00646)	(0.00644)	(0.00644)	(0.00201)	(0.00201)	(0.00199)	(0.00199)	(0.0204)	(0.0202)	(0.0193)	(0.0193)	(0.0126)	(0.0124)	(0.0123)	(0.0123)	(0.00153)	(0.00154)	(0.00149)	(0.00150)	(0.00133)	(0.00133)	(0.00129)	(0.00129)	(0.000251)	(0.000252)	(0.000246)	(0.000248)
agefirstbirth	0.300***	0.252***	0.0918	0.0918	0.0816***	0.0757***	0.0451**	0.0451**	1.134***	1.031***	0.643***	0.643***	0.331***	0.249**	0.0707	0.0707	-0.0270*	-0.0327**	-0.0254	-0.0254	-0.0262*	-0.0207	-0.0164	-0.0164	0.00289*	0.00314*	0.000867	0.000867	0.277***	0.209**	0.0622	0.0608	0.118***	0.106***	0.0543**	0.0516**	1.345***	1.207***	0.731***	0.642***	0.634***	0.491***	0.264	0.261	-0.00834	-0.00703	-0.0118	-0.0164	-0.0286*	-0.0204	-0.0210	-0.0259	0.000347	0.000217	-0.00212	-0.00127
	(0.0623)	(0.0640)	(0.0689)	(0.0689)	(0.0187)	(0.0194)	(0.0211)	(0.0211)	(0.180)	(0.182)	(0.190)	(0.190)	(0.112)	(0.116)	(0.126)	(0.126)	(0.0156)	(0.0164)	(0.0175)	(0.0175)	(0.0139)	(0.0148)	(0.0156)	(0.0156)	(0.00164)	(0.00182)	(0.00196)	(0.00196)	(0.0752)	(0.0809)	(0.0829)	(0.0829)	(0.0205)	(0.0223)	(0.0234)	(0.0236)	(0.205)	(0.212)	(0.226)	(0.225)	(0.155)	(0.173)	(0.162)	(0.161)	(0.0168)	(0.0179)	(0.0194)	(0.0196)	(0.0151)	(0.0163)	(0.0168)	(0.0170)	(0.00243)	(0.00259)	(0.00261)	(0.00263)
_mother_edu1			4.059*	4.059*			-1.163	-1.163			-7.993	-7.993			4.066	4.066			1.076**	1.076**			0.138	0.138			-0.159*	-0.159*			0.508	0.502			-1.085*	-1.096*			-2.002	-2.350			-0.00776	-0.0203			0.880**	0.861**			0.112	0.0920			-0.0488	-0.0453
			(2.278)	(2.278)			(0.711)	(0.711)			(5.611)	(5.611)			(3.224)	(3.224)			(0.519)	(0.519)			(0.445)	(0.445)			(0.0881)	(0.0881)			(1.863)	(1.868)			(0.605)	(0.603)			(6.080)	(5.910)			(3.035)	(3.049)			(0.395)	(0.394)			(0.402)	(0.402)			(0.0779)	(0.0783)
_mother_edu2			4.334**	4.334**			-0.648	-0.648			-6.665	-6.665			6.349**	6.349**			1.057**	1.057**			-0.0118	-0.0118			-0.167*	-0.167*			0.696	0.692			-0.648	-0.651			0.762	0.675			6.289***	6.285***			0.581*	0.577*			-0.0915	-0.0963			-0.104	-0.103
			(2.124)	(2.124)			(0.665)	(0.665)			(4.885)	(4.885)			(3.026)	(3.026)			(0.462)	(0.462)			(0.388)	(0.388)			(0.0867)	(0.0867)			(1.695)	(1.696)			(0.552)	(0.549)			(5.610)	(5.439)			(2.427)	(2.429)			(0.345)	(0.342)			(0.357)	(0.357)			(0.0731)	(0.0735)
_mother_edu3			5.176**	5.176**			-0.124	-0.124			-4.463	-4.463			7.788**	7.788**			1.003**	1.003**			0.284	0.284			-0.155*	-0.155*			2.486	2.481			-0.568	-0.571			-0.935	-1.049			5.752**	5.747**			0.938***	0.930***			0.129	0.121			-0.0425	-0.0412
			(2.210)	(2.210)			(0.662)	(0.662)			(5.129)	(5.129)			(3.164)	(3.164)			(0.481)	(0.481)			(0.408)	(0.408)			(0.0876)	(0.0876)			(1.754)	(1.755)			(0.543)	(0.539)			(5.764)	(5.592)			(2.557)	(2.559)			(0.359)	(0.357)			(0.376)	(0.375)			(0.0741)	(0.0745)
_mother_edu4			6.843***	6.843***			-0.00142	-0.00142			-1.937	-1.937			10.43***	10.43***			0.962**	0.962**			0.210	0.210			-0.127	-0.127			2.856	2.851			-0.0305	-0.0365			2.728	2.536			7.274***	7.267***			0.567	0.556			0.201	0.190			-0.0560	-0.0541
			(2.236)	(2.236)			(0.660)	(0.660)			(5.076)	(5.076)			(3.209)	(3.209)			(0.476)	(0.476)			(0.404)	(0.404)			(0.0867)	(0.0867)			(1.742)	(1.746)			(0.538)	(0.534)			(5.632)	(5.470)			(2.406)	(2.411)			(0.352)	(0.350)			(0.364)	(0.365)			(0.0728)	(0.0733)
_mother_edu5			9.995***	9.995***			0.547	0.547			2.479	2.479			11.72***	11.72***			0.841	0.841			0.275	0.275			-0.110	-0.110			5.930***	5.917***			0.341	0.315			5.786	4.942			8.632***	8.602***			0.849*	0.805*			0.238	0.190			-0.0683	-0.0601
			(2.461)	(2.461)			(0.708)	(0.708)			(5.610)	(5.610)			(3.516)	(3.516)			(0.551)	(0.551)			(0.461)	(0.461)			(0.0975)	(0.0975)			(2.078)	(2.086)			(0.603)	(0.603)			(6.467)	(6.346)			(3.048)	(3.071)			(0.464)	(0.460)			(0.434)	(0.432)			(0.0868)	(0.0877)
_inc1			-3.398***	-3.398***			-0.296	-0.296			-10.65***	-10.65***			-1.183	-1.183			0.327	0.327			0.471	0.471			-0.0644*	-0.0644*			-2.425*	-2.421*			-1.355***	-1.348***			-18.95***	-18.69***			-6.319***	-6.310***			-0.537*	-0.525*			0.0695	0.0827			-0.0161	-0.0184
			(1.247)	(1.247)			(0.413)	(0.413)			(3.709)	(3.709)			(2.554)	(2.554)			(0.314)	(0.314)			(0.296)	(0.296)			(0.0340)	(0.0340)			(1.248)	(1.248)			(0.360)	(0.359)			(3.489)	(3.488)			(2.133)	(2.130)			(0.297)	(0.296)			(0.259)	(0.257)			(0.0446)	(0.0443)
_inc2			-2.519**	-2.519**			-0.220	-0.220			-6.412*	-6.412*			-1.597	-1.597			0.112	0.112			0.423*	0.423*			-0.0286	-0.0286			-1.096	-1.100			-0.880***	-0.890***			-12.10***	-12.42***			-4.626**	-4.636**			-0.0803	-0.0980			0.290	0.272			-0.0486	-0.0453
			(1.114)	(1.114)			(0.352)	(0.352)			(3.437)	(3.437)			(2.632)	(2.632)			(0.272)	(0.272)			(0.248)	(0.248)			(0.0308)	(0.0308)			(1.033)	(1.033)			(0.301)	(0.301)			(3.020)	(3.031)			(2.122)	(2.139)			(0.259)	(0.259)			(0.222)	(0.221)			(0.0398)	(0.0398)
_inc3			-0.129	-0.129			-0.197	-0.197			-3.189	-3.189			1.404	1.404			0.157	0.157			0.316	0.316			-0.0244	-0.0244			-0.275	-0.283			-0.652**	-0.672**			-6.817**	-7.496***			-1.684	-1.708			0.0423	0.00769			0.384*	0.347*			-0.0538	-0.0474
			(0.882)	(0.882)			(0.291)	(0.291)			(2.811)	(2.811)			(1.917)	(1.917)			(0.246)	(0.246)			(0.218)	(0.218)			(0.0305)	(0.0305)			(0.957)	(0.955)			(0.268)	(0.270)			(2.830)	(2.830)			(1.789)	(1.822)			(0.240)	(0.240)			(0.209)	(0.208)			(0.0371)	(0.0370)
_inc4			-0.476	-0.476			0.0988	0.0988			2.546	2.546			2.695	2.695			0.189	0.189			0.164	0.164			-0.00327	-0.00327			0.0284	0.0278			-0.693***	-0.695***			-5.946**	-5.992**			-1.365	-1.367			0.187	0.184			0.0531	0.0502			-0.00431	-0.00381
			(0.828)	(0.828)			(0.261)	(0.261)			(2.436)	(2.436)			(1.727)	(1.727)			(0.238)	(0.238)			(0.202)	(0.202)			(0.0316)	(0.0316)			(0.971)	(0.971)			(0.259)	(0.260)			(2.567)	(2.554)			(1.728)	(1.730)			(0.238)	(0.238)			(0.189)	(0.189)			(0.0380)	(0.0379)
height		5.160	5.008	5.008		0.475	0.491	0.491		4.860	3.234	3.234		-4.435	-3.412	-3.412		2.052*	2.168**	2.168**		0.0242	0.146	0.146		-0.00482	-0.0215	-0.0215		0.989	0.156	0.166		-0.699	-0.972	-0.960		-10.90	-14.81	-14.45		6.686	5.775	5.785		1.173	1.142	1.164		-0.00680	0.0217	0.0452		-0.0854	-0.0924	-0.0965
		(3.997)	(3.826)	(3.826)		(1.329)	(1.277)	(1.277)		(11.04)	(10.91)	(10.91)		(7.475)	(7.520)	(7.520)		(1.109)	(1.100)	(1.100)		(0.947)	(0.949)	(0.949)		(0.125)	(0.124)	(0.124)		(4.560)	(4.538)	(4.539)		(1.396)	(1.358)	(1.353)		(12.57)	(12.39)	(12.23)		(7.555)	(7.472)	(7.479)		(1.068)	(1.062)	(1.061)		(0.925)	(0.924)	(0.925)		(0.151)	(0.151)	(0.150)
daily_cig_before_preg		-0.0860*	-0.0259	-0.0259		-0.0123	-0.000575	-0.000575		-0.207*	-0.0491	-0.0491		-0.204***	-0.120	-0.120		-0.00285	-0.00439	-0.00439		0.0118	0.0106	0.0106		0.000607	0.00132	0.00132		-0.168***	-0.123**	-0.124**		-0.0335**	-0.0195	-0.0213		-0.371***	-0.225*	-0.283**		-0.291***	-0.209**	-0.211**		0.00658	0.0123	0.00926		0.0160*	0.0182*	0.0150		-0.000753	-0.000359	0.000195
		(0.0451)	(0.0455)	(0.0455)		(0.0137)	(0.0142)	(0.0142)		(0.118)	(0.120)	(0.120)		(0.0782)	(0.0810)	(0.0810)		(0.0107)	(0.0111)	(0.0111)		(0.00972)	(0.0101)	(0.0101)		(0.00150)	(0.00151)	(0.00151)		(0.0497)	(0.0508)	(0.0508)		(0.0140)	(0.0140)	(0.0140)		(0.132)	(0.132)	(0.131)		(0.0837)	(0.0872)	(0.0879)		(0.0109)	(0.0109)	(0.0110)		(0.00959)	(0.00991)	(0.0101)		(0.00129)	(0.00130)	(0.00131)
weekly_alcohol_b_preg		-0.0542	-0.0582	-0.0582		-0.0113	-0.00989	-0.00989		-0.115	-0.104	-0.104		-0.0788	-0.0746	-0.0746		0.0121	0.0119	0.0119		-0.00119	-0.00259	-0.00259		0.000802	0.000846	0.000846		-0.00872	-0.00854	-0.00849		-0.00544	-0.00711	-0.00671		-0.251**	-0.281**	-0.268**		-0.00319	-0.00883	-0.00834		0.00273	0.00284	0.00354		-0.00128	-0.000668	7.58e-05		0.000231	0.000247	0.000118
		(0.0406)	(0.0423)	(0.0423)		(0.0145)	(0.0139)	(0.0139)		(0.126)	(0.120)	(0.120)		(0.0780)	(0.0745)	(0.0745)		(0.01000)	(0.0101)	(0.0101)		(0.0106)	(0.0110)	(0.0110)		(0.00171)	(0.00166)	(0.00166)		(0.0355)	(0.0351)	(0.0351)		(0.0107)	(0.0104)	(0.0105)		(0.124)	(0.113)	(0.112)		(0.0638)	(0.0609)	(0.0611)		(0.00964)	(0.00931)	(0.00922)		(0.0106)	(0.0107)	(0.0105)		(0.00153)	(0.00150)	(0.00153)
complications_during_preg		-0.640	-0.613	-0.613		-0.0134	-0.0169	-0.0169		-1.828	-1.574	-1.574		-1.100	-1.224	-1.224		0.00744	0.000159	0.000159		0.116	0.106	0.106		-0.000173	0.00189	0.00189		-0.0506	-0.191	-0.195		0.118	0.0904	0.0827		-4.196**	-4.377**	-4.628***		0.403	-0.202	-0.211		0.260*	0.263*	0.250*		0.199	0.191	0.177		0.00613	0.0120	0.0145
		(0.621)	(0.596)	(0.596)		(0.183)	(0.182)	(0.182)		(1.805)	(1.763)	(1.763)		(1.154)	(1.130)	(1.130)		(0.151)	(0.152)	(0.152)		(0.131)	(0.132)	(0.132)		(0.0173)	(0.0172)	(0.0172)		(0.629)	(0.619)	(0.619)		(0.180)	(0.178)	(0.179)		(1.810)	(1.791)	(1.789)		(1.083)	(1.057)	(1.055)		(0.147)	(0.149)	(0.149)		(0.130)	(0.130)	(0.131)		(0.0216)	(0.0214)	(0.0213)
Constant	207.0*	207.3*	170.3	170.3	91.07*	90.43*	77.38	77.38	548.7*	547.2*	437.4	437.4	228.4	239.4	188.5	188.5	-13.50	-17.42	-14.56	-14.56	-14.72	-15.04	-15.78	-15.78	3.186	3.169	2.414	2.414	269.2*	299.4**	256.3*	256.8*	116.7**	121.3**	106.3**	105.7**	1,434***	1,486***	1,368***	1,399***	292.2	310.4	232.7	234.0	-69.67*	-74.23**	-76.28**	-73.18**	-59.52*	-61.78**	-62.21**	-59.79*	9.014	9.364	9.850	9.520
	(121.3)	(124.4)	(125.8)	(125.8)	(50.03)	(50.63)	(52.51)	(52.51)	(322.5)	(324.4)	(321.0)	(321.0)	(294.8)	(297.0)	(304.0)	(304.0)	(30.29)	(30.38)	(31.20)	(31.20)	(26.03)	(26.29)	(26.09)	(26.09)	(3.211)	(3.205)	(3.213)	(3.213)	(146.3)	(145.4)	(143.7)	(143.4)	(47.81)	(48.18)	(48.34)	(48.32)	(484.8)	(483.8)	(468.2)	(466.2)	(257.4)	(256.3)	(254.6)	(254.4)	(35.64)	(35.98)	(34.62)	(34.90)	(31.28)	(31.30)	(30.34)	(30.48)	(6.145)	(6.151)	(6.046)	(6.026)
																																																								
Observations	1,142	1,142	1,142	1,142	1,081	1,081	1,081	1,081	1,064	1,064	1,064	1,064	1,074	1,074	1,074	1,074	1,090	1,090	1,090	1,090	1,090	1,090	1,090	1,090	1,090	1,090	1,090	1,090	1,145	1,145	1,145	1,145	1,079	1,079	1,079	1,079	1,066	1,066	1,066	1,066	1,076	1,076	1,076	1,076	1,088	1,088	1,088	1,088	1,088	1,088	1,088	1,088	1,088	1,088	1,088	1,088
R-squared	0.140	0.149	0.198	0.198	0.109	0.111	0.138	0.138	0.182	0.187	0.219	0.219	0.093	0.104	0.134	0.134	0.060	0.066	0.073	0.073	0.073	0.076	0.083	0.083	0.070	0.071	0.086	0.086	0.132	0.148	0.174	0.174	0.169	0.177	0.216	0.217	0.205	0.223	0.261	0.268	0.140	0.156	0.190	0.190	0.097	0.103	0.121	0.124	0.098	0.104	0.113	0.118	0.061	0.062	0.076	0.082
Robust standard errors in parentheses																																																								
*** p<0.01, ** p<0.05, * p<0.1																																																								
