	(1)	(2)	(3)	(4)	(5)	(6)	(7)	(8)	(9)	(10)	(11)	(12)	(13)	(14)	(15)	(16)	(17)	(18)	(19)	(20)	(21)	(22)	(23)	(24)	(25)	(26)	(27)	(28)	(29)	(30)	(31)	(32)	(33)	(34)	(35)	(36)	(37)	(38)	(39)	(40)	(41)	(42)	(43)	(44)	(45)	(46)	(47)	(48)	(49)	(50)	(51)	(52)	(53)	(54)	(55)	(56)
VARIABLES	Q_Verbal_Similarities	Q_Verbal_Similarities	Q_Verbal_Similarities	Q_Verbal_Similarities	Q_Number_Skills	Q_Number_Skills	Q_Number_Skills	Q_Number_Skills	Q_Word_Reading	Q_Word_Reading	Q_Word_Reading	Q_Word_Reading	Q_Pattern_Construction	Q_Pattern_Construction	Q_Pattern_Construction	Q_Pattern_Construction	Q_Help_Reading_Freq	Q_Help_Reading_Freq	Q_Help_Reading_Freq	Q_Help_Reading_Freq	Q_Help_Writing_Freq	Q_Help_Writing_Freq	Q_Help_Writing_Freq	Q_Help_Writing_Freq	Q_Proactive_School_Selection	Q_Proactive_School_Selection	Q_Proactive_School_Selection	Q_Proactive_School_Selection	Q_Verbal_Similarities	Q_Verbal_Similarities	Q_Verbal_Similarities	Q_Verbal_Similarities	Q_Number_Skills	Q_Number_Skills	Q_Number_Skills	Q_Number_Skills	Q_Word_Reading	Q_Word_Reading	Q_Word_Reading	Q_Word_Reading	Q_Pattern_Construction	Q_Pattern_Construction	Q_Pattern_Construction	Q_Pattern_Construction	Q_Help_Reading_Freq	Q_Help_Reading_Freq	Q_Help_Reading_Freq	Q_Help_Reading_Freq	Q_Help_Writing_Freq	Q_Help_Writing_Freq	Q_Help_Writing_Freq	Q_Help_Writing_Freq	Q_Proactive_School_Selection	Q_Proactive_School_Selection	Q_Proactive_School_Selection	Q_Proactive_School_Selection
																																																								
fert	-0.477	-0.513	-0.279	-0.279	-0.0906	-0.0946	-0.0436	-0.0436	-2.898**	-3.080**	-2.320	-2.320	-0.261	-0.268	0.119	0.119	0.0243	0.0149	0.00212	0.00212	-0.0113	-0.0154	-0.0266	-0.0266	0.00389	0.00254	0.00433	0.00433	-0.939**	-0.926**	-0.880*	-0.901**	0.0863	0.0964	0.136	0.143	-1.766	-1.496	-0.520	-0.472	0.439	0.543	0.473	0.545	-0.0617	-0.0609	-0.0740	-0.0822	-0.0286	-0.0382	-0.0516	-0.0635	-0.0224*	-0.0246*	-0.0191	-0.0207
	(0.377)	(0.381)	(0.371)	(0.371)	(0.115)	(0.115)	(0.117)	(0.117)	(1.437)	(1.440)	(1.419)	(1.419)	(0.751)	(0.752)	(0.771)	(0.771)	(0.0820)	(0.0817)	(0.0816)	(0.0816)	(0.0723)	(0.0724)	(0.0733)	(0.0733)	(0.0129)	(0.0129)	(0.0133)	(0.0133)	(0.448)	(0.451)	(0.456)	(0.455)	(0.136)	(0.137)	(0.142)	(0.143)	(1.588)	(1.584)	(1.637)	(1.637)	(0.860)	(0.856)	(0.874)	(0.876)	(0.0889)	(0.0894)	(0.0883)	(0.0889)	(0.0756)	(0.0769)	(0.0789)	(0.0790)	(0.0123)	(0.0129)	(0.0132)	(0.0132)
motherage	0.796	3.992	5.502	5.502	-1.561	-0.776	-0.722	-0.722	-45.25	-38.73	-37.26	-37.26	37.37	43.36*	40.31	40.31	0.391	-0.124	0.389	0.389	1.755	1.254	1.615	1.615	-0.292	-0.178	-0.248	-0.248	-6.074	-2.880	-2.820	-2.284	3.890	4.004	2.966	2.783	-34.16	-30.77	-41.38	-42.59	45.45	49.79*	48.95*	47.19	-5.019	-4.803	-4.684	-4.442	2.721	2.880	3.209	3.562	-0.514	-0.530	-0.550	-0.502
	(15.55)	(15.75)	(14.92)	(14.92)	(5.125)	(5.021)	(4.758)	(4.758)	(45.56)	(46.03)	(45.66)	(45.66)	(25.25)	(25.51)	(25.78)	(25.78)	(3.433)	(3.504)	(3.234)	(3.234)	(2.682)	(2.690)	(2.656)	(2.656)	(0.560)	(0.555)	(0.551)	(0.551)	(14.53)	(14.73)	(13.78)	(13.79)	(5.080)	(5.090)	(4.895)	(4.895)	(55.71)	(55.87)	(54.49)	(54.71)	(28.54)	(29.13)	(28.67)	(28.74)	(3.465)	(3.517)	(3.517)	(3.506)	(2.614)	(2.644)	(2.646)	(2.594)	(0.609)	(0.632)	(0.633)	(0.634)
motheragesq	-0.192	-0.308	-0.352	-0.352	0.0651	0.0397	0.0358	0.0358	1.378	1.165	1.078	1.078	-1.360	-1.570*	-1.457	-1.457	-0.0233	-0.00603	-0.0276	-0.0276	-0.0637	-0.0474	-0.0609	-0.0609	0.00619	0.00217	0.00484	0.00484	0.119	0.000639	-0.0102	-0.0287	-0.115	-0.119	-0.0856	-0.0796	1.030	0.904	1.196	1.236	-1.612	-1.770*	-1.734*	-1.675	0.163	0.155	0.150	0.142	-0.108	-0.114	-0.124	-0.136	0.0158	0.0163	0.0170	0.0154
	(0.552)	(0.561)	(0.532)	(0.532)	(0.178)	(0.175)	(0.166)	(0.166)	(1.651)	(1.658)	(1.645)	(1.645)	(0.884)	(0.894)	(0.902)	(0.902)	(0.118)	(0.120)	(0.112)	(0.112)	(0.0950)	(0.0950)	(0.0942)	(0.0942)	(0.0204)	(0.0202)	(0.0200)	(0.0200)	(0.515)	(0.522)	(0.490)	(0.490)	(0.178)	(0.179)	(0.171)	(0.171)	(2.024)	(2.019)	(1.965)	(1.971)	(1.018)	(1.038)	(1.017)	(1.021)	(0.121)	(0.123)	(0.123)	(0.123)	(0.0937)	(0.0946)	(0.0949)	(0.0927)	(0.0215)	(0.0222)	(0.0221)	(0.0222)
motheragecub	0.00395	0.00529	0.00579	0.00579	-0.000768	-0.000501	-0.000409	-0.000409	-0.0130	-0.0107	-0.00905	-0.00905	0.0158	0.0181*	0.0169	0.0169	0.000352	0.000158	0.000444	0.000444	0.000722	0.000546	0.000704	0.000704	-3.23e-05	1.26e-05	-1.95e-05	-1.95e-05	-0.000160	0.00124	0.00154	0.00177	0.00107	0.00112	0.000780	0.000707	-0.0106	-0.00901	-0.0114	-0.0119	0.0190	0.0209*	0.0205*	0.0198*	-0.00171	-0.00161	-0.00154	-0.00144	0.00138	0.00145	0.00154	0.00168	-0.000152	-0.000159	-0.000167	-0.000148
	(0.00643)	(0.00655)	(0.00623)	(0.00623)	(0.00203)	(0.00199)	(0.00189)	(0.00189)	(0.0195)	(0.0195)	(0.0193)	(0.0193)	(0.0101)	(0.0102)	(0.0103)	(0.0103)	(0.00134)	(0.00136)	(0.00128)	(0.00128)	(0.00110)	(0.00110)	(0.00109)	(0.00109)	(0.000242)	(0.000241)	(0.000238)	(0.000238)	(0.00597)	(0.00605)	(0.00570)	(0.00570)	(0.00205)	(0.00205)	(0.00195)	(0.00194)	(0.0239)	(0.0238)	(0.0231)	(0.0232)	(0.0118)	(0.0120)	(0.0117)	(0.0118)	(0.00139)	(0.00141)	(0.00141)	(0.00140)	(0.00110)	(0.00111)	(0.00111)	(0.00108)	(0.000247)	(0.000254)	(0.000252)	(0.000253)
agefirstbirth	0.415***	0.360***	0.226***	0.226***	0.0627***	0.0467*	0.0105	0.0105	1.235***	0.974***	0.515*	0.515*	0.544***	0.556***	0.395***	0.395***	0.0121	0.00767	0.00292	0.00292	0.00315	0.00603	0.00927	0.00927	-0.000505	-0.000983	-0.000609	-0.000609	0.402***	0.376***	0.194**	0.182**	0.0784***	0.0728***	0.0370	0.0428	1.646***	1.392***	0.816***	0.854***	0.481***	0.419**	0.246	0.304*	0.00536	0.00526	0.000797	-0.00604	-0.00947	-0.00403	-0.00112	-0.0111	0.000250	0.00219	0.00228	0.000911
	(0.0643)	(0.0707)	(0.0764)	(0.0764)	(0.0223)	(0.0242)	(0.0240)	(0.0240)	(0.279)	(0.296)	(0.294)	(0.294)	(0.133)	(0.148)	(0.142)	(0.142)	(0.0153)	(0.0165)	(0.0173)	(0.0173)	(0.0127)	(0.0136)	(0.0143)	(0.0143)	(0.00259)	(0.00251)	(0.00263)	(0.00263)	(0.0756)	(0.0828)	(0.0870)	(0.0885)	(0.0236)	(0.0255)	(0.0268)	(0.0277)	(0.277)	(0.291)	(0.300)	(0.307)	(0.159)	(0.170)	(0.165)	(0.170)	(0.0166)	(0.0173)	(0.0183)	(0.0184)	(0.0145)	(0.0151)	(0.0161)	(0.0162)	(0.00290)	(0.00281)	(0.00286)	(0.00286)
_mother_edu1			-2.305	-2.305			-0.982	-0.982			-1.091	-1.091			1.160	1.160			0.233	0.233			0.256	0.256			0.0300	0.0300			-0.331	-0.370			0.0526	0.0609			8.620	8.689			4.507	4.589			-0.660*	-0.671*			-0.372	-0.388			0.110**	0.108**
			(2.337)	(2.337)			(0.608)	(0.608)			(8.664)	(8.664)			(3.617)	(3.617)			(0.439)	(0.439)			(0.397)	(0.397)			(0.0772)	(0.0772)			(1.846)	(1.860)			(0.617)	(0.617)			(6.274)	(6.255)			(4.015)	(4.042)			(0.357)	(0.356)			(0.380)	(0.377)			(0.0450)	(0.0453)
_mother_edu2			0.606	0.606			0.183	0.183			7.089	7.089			3.786	3.786			-0.495	-0.495			-0.275	-0.275			0.00687	0.00687			3.199**	3.156*			1.011*	1.023*			12.18**	12.26**			4.340	4.463			-0.646**	-0.662**			-0.528	-0.552			0.0962***	0.0930***
			(2.119)	(2.119)			(0.511)	(0.511)			(7.540)	(7.540)			(3.056)	(3.056)			(0.402)	(0.402)			(0.357)	(0.357)			(0.0693)	(0.0693)			(1.621)	(1.635)			(0.546)	(0.547)			(5.473)	(5.458)			(3.746)	(3.780)			(0.321)	(0.322)			(0.350)	(0.348)			(0.0340)	(0.0340)
_mother_edu3			2.700	2.700			-0.127	-0.127			8.778	8.778			6.773**	6.773**			-0.420	-0.420			-0.263	-0.263			0.0864	0.0864			5.034***	4.991***			0.735	0.737			12.64**	12.66**			5.341	5.371			-0.177	-0.181			-0.574	-0.580			0.130***	0.129***
			(2.205)	(2.205)			(0.542)	(0.542)			(7.789)	(7.789)			(3.204)	(3.204)			(0.424)	(0.424)			(0.379)	(0.379)			(0.0749)	(0.0749)			(1.728)	(1.742)			(0.561)	(0.561)			(5.585)	(5.565)			(3.839)	(3.864)			(0.350)	(0.351)			(0.368)	(0.365)			(0.0388)	(0.0391)
_mother_edu4			2.454	2.454			0.841	0.841			16.45**	16.45**			6.311**	6.311**			-0.146	-0.146			-0.313	-0.313			-0.00325	-0.00325			5.946***	5.893***			1.277**	1.297**			20.28***	20.42***			9.418**	9.627**			-0.296	-0.322			-0.560	-0.597*			0.0699*	0.0648*
			(2.135)	(2.135)			(0.520)	(0.520)			(7.606)	(7.606)			(3.116)	(3.116)			(0.413)	(0.413)			(0.364)	(0.364)			(0.0720)	(0.0720)			(1.648)	(1.663)			(0.551)	(0.552)			(5.714)	(5.704)			(3.797)	(3.823)			(0.346)	(0.347)			(0.364)	(0.362)			(0.0391)	(0.0392)
_mother_edu5			2.579	2.579			0.993	0.993			15.41*	15.41*			10.27***	10.27***			-0.887*	-0.887*			-0.482	-0.482			-0.0282	-0.0282			4.720**	4.668**			0.765	0.774			14.21*	14.31*			11.93***	12.05***			-0.642	-0.652			-0.614	-0.629			0.101	0.0988
			(2.329)	(2.329)			(0.649)	(0.649)			(8.394)	(8.394)			(3.709)	(3.709)			(0.491)	(0.491)			(0.415)	(0.415)			(0.0799)	(0.0799)			(1.972)	(1.983)			(0.715)	(0.715)			(7.383)	(7.333)			(4.543)	(4.585)			(0.453)	(0.455)			(0.426)	(0.421)			(0.0660)	(0.0669)
_inc1			-3.998***	-3.998***			-0.933**	-0.933**			-15.09***	-15.09***			-3.695	-3.695			-0.224	-0.224			-0.0629	-0.0629			0.0206	0.0206			-3.443***	-3.478***			-1.282***	-1.263***			-19.03***	-18.91***			-0.173	0.0228			0.197	0.175			0.0383	0.00631			-0.0146	-0.0190
			(1.264)	(1.264)			(0.374)	(0.374)			(4.305)	(4.305)			(2.309)	(2.309)			(0.252)	(0.252)			(0.218)	(0.218)			(0.0486)	(0.0486)			(1.259)	(1.258)			(0.349)	(0.350)			(4.358)	(4.356)			(2.333)	(2.334)			(0.272)	(0.274)			(0.234)	(0.236)			(0.0428)	(0.0426)
_inc2			-3.895***	-3.895***			-1.007***	-1.007***			-10.08***	-10.08***			-5.740**	-5.740**			0.381	0.381			0.264	0.264			-0.0186	-0.0186			-3.797***	-3.833***			-1.172***	-1.156***			-15.44***	-15.34***			-1.427	-1.265			0.381	0.361			-0.0440	-0.0724			-0.0425	-0.0464
			(1.140)	(1.140)			(0.338)	(0.338)			(3.687)	(3.687)			(2.285)	(2.285)			(0.243)	(0.243)			(0.209)	(0.209)			(0.0413)	(0.0413)			(1.119)	(1.118)			(0.327)	(0.328)			(3.877)	(3.880)			(2.143)	(2.138)			(0.257)	(0.258)			(0.213)	(0.212)			(0.0357)	(0.0354)
_inc3			-1.912*	-1.912*			-0.587**	-0.587**			-1.905	-1.905			-2.631	-2.631			0.504**	0.504**			0.141	0.141			-0.0113	-0.0113			-2.790***	-2.800***			-1.239***	-1.241***			-10.11***	-10.12***			-1.877	-1.885			0.480**	0.482**			-0.106	-0.104			-0.00476	-0.00449
			(0.990)	(0.990)			(0.293)	(0.293)			(3.103)	(3.103)			(1.858)	(1.858)			(0.214)	(0.214)			(0.180)	(0.180)			(0.0350)	(0.0350)			(1.026)	(1.024)			(0.297)	(0.298)			(3.535)	(3.533)			(1.984)	(1.985)			(0.240)	(0.240)			(0.206)	(0.205)			(0.0365)	(0.0362)
_inc4			-1.741**	-1.741**			-0.542*	-0.542*			-6.601**	-6.601**			-2.361	-2.361			0.398*	0.398*			0.255	0.255			0.00624	0.00624			-1.162	-1.154			-0.776***	-0.781***			-8.606**	-8.635**			-0.954	-0.996			0.236	0.241			-0.0598	-0.0522			0.0258	0.0269
			(0.871)	(0.871)			(0.279)	(0.279)			(2.974)	(2.974)			(1.712)	(1.712)			(0.207)	(0.207)			(0.162)	(0.162)			(0.0340)	(0.0340)			(1.005)	(1.005)			(0.290)	(0.289)			(3.368)	(3.361)			(1.975)	(1.970)			(0.235)	(0.236)			(0.195)	(0.194)			(0.0375)	(0.0372)
height		12.48***	10.53**	10.53**		1.250	0.337	0.337		25.91*	16.31	16.31		16.19*	14.05	14.05		-0.415	-0.389	-0.389		-0.443	-0.317	-0.317		0.407***	0.455***	0.455***		6.243	2.839	3.198		0.137	-0.484	-0.637		19.60	10.99	10.04		8.268	4.577	3.113		1.811*	1.721*	1.899*		1.700**	1.769**	2.030**		-0.0594	-0.0332	0.00261
		(4.591)	(4.506)	(4.506)		(1.448)	(1.420)	(1.420)		(15.43)	(14.92)	(14.92)		(9.009)	(8.848)	(8.848)		(1.022)	(0.997)	(0.997)		(0.839)	(0.841)	(0.841)		(0.153)	(0.153)	(0.153)		(4.985)	(4.888)	(4.909)		(1.486)	(1.470)	(1.469)		(15.88)	(15.87)	(15.91)		(9.030)	(8.891)	(8.917)		(1.016)	(1.009)	(1.015)		(0.842)	(0.838)	(0.843)		(0.152)	(0.153)	(0.157)
daily_cig_before_preg		-0.0535	0.0121	0.0121		-0.0210	0.000584	0.000584		-0.354**	-0.0699	-0.0699		0.0845	0.177**	0.177**		-0.0110	-0.0122	-0.0122		0.00163	-0.00302	-0.00302		0.000561	0.000203	0.000203		-0.0361	0.0392	0.0355		-0.00700	0.00820	0.00995		-0.406***	-0.163	-0.151		-0.0510	4.11e-05	0.0170		0.00381	0.00430	0.00219		0.0114	0.00851	0.00543		0.00337**	0.00385**	0.00343**
		(0.0457)	(0.0479)	(0.0479)		(0.0130)	(0.0125)	(0.0125)		(0.160)	(0.162)	(0.162)		(0.0838)	(0.0852)	(0.0852)		(0.00929)	(0.00953)	(0.00953)		(0.00815)	(0.00865)	(0.00865)		(0.00157)	(0.00170)	(0.00170)		(0.0499)	(0.0508)	(0.0514)		(0.0141)	(0.0137)	(0.0139)		(0.152)	(0.148)	(0.149)		(0.0860)	(0.0877)	(0.0889)		(0.00912)	(0.00940)	(0.00943)		(0.00783)	(0.00809)	(0.00821)		(0.00166)	(0.00172)	(0.00170)
weekly_alcohol_b_preg		0.0351	0.0447	0.0447		0.00131	0.00341	0.00341		0.177	0.235	0.235		0.0103	0.0267	0.0267		-0.0258**	-0.0261**	-0.0261**		-0.00872	-0.0102	-0.0102		-0.00178	-0.00167	-0.00167		0.0824**	0.0740**	0.0748**		-0.000920	-0.00402	-0.00452		-0.0427	-0.0709	-0.0740		0.0859	0.0720	0.0673		-0.0125**	-0.0102*	-0.00951		-0.00643	-0.00634	-0.00539		0.000205	6.60e-05	0.000196
		(0.0551)	(0.0555)	(0.0555)		(0.0160)	(0.0156)	(0.0156)		(0.183)	(0.180)	(0.180)		(0.128)	(0.127)	(0.127)		(0.0115)	(0.0113)	(0.0113)		(0.00894)	(0.00896)	(0.00896)		(0.00165)	(0.00165)	(0.00165)		(0.0353)	(0.0354)	(0.0354)		(0.0112)	(0.0114)	(0.0114)		(0.120)	(0.116)	(0.117)		(0.0707)	(0.0702)	(0.0713)		(0.00628)	(0.00615)	(0.00626)		(0.00527)	(0.00545)	(0.00555)		(0.00161)	(0.00155)	(0.00155)
complications_during_preg		-0.167	-0.0895	-0.0895		-0.339*	-0.293	-0.293		-0.727	-0.00655	-0.00655		-0.900	-0.699	-0.699		0.263*	0.257*	0.257*		0.269**	0.267**	0.267**		-0.00319	-0.00486	-0.00486		-0.198	-0.199	-0.210		-0.149	-0.0909	-0.0823		-1.128	-0.578	-0.530		-2.313*	-2.264*	-2.187*		0.111	0.0898	0.0807		0.219*	0.222*	0.209*		0.0104	0.00861	0.00678
		(0.625)	(0.614)	(0.614)		(0.186)	(0.182)	(0.182)		(2.098)	(2.034)	(2.034)		(1.137)	(1.137)	(1.137)		(0.135)	(0.134)	(0.134)		(0.116)	(0.116)	(0.116)		(0.0224)	(0.0227)	(0.0227)		(0.677)	(0.657)	(0.658)		(0.199)	(0.197)	(0.196)		(2.147)	(2.106)	(2.107)		(1.253)	(1.249)	(1.247)		(0.141)	(0.141)	(0.141)		(0.117)	(0.117)	(0.116)		(0.0214)	(0.0211)	(0.0212)
Constant	85.26	37.45	36.85	36.85	21.96	8.569	15.08	15.08	503.9	414.7	331.7	331.7	-245.6	-328.6	-307.0	-307.0	-5.774	1.286	-1.802	-1.802	-17.38	-11.07	-13.25	-13.25	5.292	3.666	4.193	4.193	85.01	47.03	46.07	40.12	-30.10	-31.71	-18.79	-16.50	380.5	323.7	455.2	468.4	-256.1	-306.8	-293.9	-275.3	46.13	41.88	41.66	42.89	-18.84	-22.43	-25.27	-26.53	5.221	5.399	5.475	4.997
	(131.8)	(134.1)	(126.8)	(126.8)	(43.87)	(43.23)	(41.01)	(41.01)	(381.0)	(388.5)	(463.0)	(463.0)	(254.6)	(258.7)	(262.5)	(262.5)	(35.38)	(36.28)	(33.32)	(33.32)	(27.45)	(27.56)	(27.20)	(27.20)	(5.684)	(5.658)	(5.636)	(5.636)	(148.3)	(151.1)	(141.4)	(141.2)	(51.49)	(51.84)	(50.05)	(50.02)	(475.7)	(479.6)	(468.4)	(470.6)	(245.0)	(252.6)	(249.1)	(249.7)	(30.32)	(30.90)	(30.87)	(30.85)	(22.56)	(22.91)	(22.84)	(22.51)	(5.298)	(5.562)	(5.594)	(5.617)
																																																								
Observations	1,251	1,251	1,251	1,251	1,165	1,165	1,165	1,165	1,150	1,150	1,150	1,150	1,159	1,159	1,159	1,159	1,187	1,187	1,187	1,187	1,187	1,187	1,187	1,187	1,187	1,187	1,187	1,187	1,227	1,227	1,227	1,227	1,134	1,134	1,134	1,134	1,114	1,114	1,114	1,114	1,124	1,124	1,124	1,124	1,158	1,158	1,158	1,158	1,158	1,158	1,158	1,158	1,158	1,158	1,158	1,158
R-squared	0.131	0.139	0.173	0.173	0.103	0.110	0.156	0.156	0.140	0.149	0.195	0.195	0.098	0.104	0.130	0.130	0.074	0.085	0.118	0.118	0.092	0.098	0.111	0.111	0.063	0.070	0.081	0.081	0.122	0.128	0.180	0.180	0.124	0.125	0.162	0.163	0.184	0.193	0.241	0.241	0.100	0.107	0.127	0.130	0.079	0.086	0.101	0.104	0.094	0.105	0.110	0.119	0.070	0.077	0.088	0.094
Robust standard errors in parentheses																																																								
*** p<0.01, ** p<0.05, * p<0.1																																																								
