	(1)	(2)	(3)	(4)	(5)	(6)	(7)	(8)	(9)	(10)	(11)	(12)	(13)	(14)	(15)	(16)	(17)	(18)	(19)	(20)	(21)	(22)	(23)	(24)	(25)	(26)	(27)	(28)	(29)	(30)	(31)	(32)	(33)	(34)	(35)	(36)	(37)	(38)	(39)	(40)	(41)	(42)	(43)	(44)	(45)	(46)	(47)	(48)	(49)	(50)	(51)	(52)	(53)	(54)	(55)	(56)
VARIABLES	Q_Verbal_Similarities	Q_Verbal_Similarities	Q_Verbal_Similarities	Q_Verbal_Similarities	Q_Number_Skills	Q_Number_Skills	Q_Number_Skills	Q_Number_Skills	Q_Word_Reading	Q_Word_Reading	Q_Word_Reading	Q_Word_Reading	Q_Pattern_Construction	Q_Pattern_Construction	Q_Pattern_Construction	Q_Pattern_Construction	Q_Help_Reading_Freq	Q_Help_Reading_Freq	Q_Help_Reading_Freq	Q_Help_Reading_Freq	Q_Help_Writing_Freq	Q_Help_Writing_Freq	Q_Help_Writing_Freq	Q_Help_Writing_Freq	Q_Proactive_School_Selection	Q_Proactive_School_Selection	Q_Proactive_School_Selection	Q_Proactive_School_Selection	Q_Verbal_Similarities	Q_Verbal_Similarities	Q_Verbal_Similarities	Q_Verbal_Similarities	Q_Number_Skills	Q_Number_Skills	Q_Number_Skills	Q_Number_Skills	Q_Word_Reading	Q_Word_Reading	Q_Word_Reading	Q_Word_Reading	Q_Pattern_Construction	Q_Pattern_Construction	Q_Pattern_Construction	Q_Pattern_Construction	Q_Help_Reading_Freq	Q_Help_Reading_Freq	Q_Help_Reading_Freq	Q_Help_Reading_Freq	Q_Help_Writing_Freq	Q_Help_Writing_Freq	Q_Help_Writing_Freq	Q_Help_Writing_Freq	Q_Proactive_School_Selection	Q_Proactive_School_Selection	Q_Proactive_School_Selection	Q_Proactive_School_Selection
																																																								
fert	-0.640***	-0.636***	-0.415*	-0.415*	-0.113*	-0.109*	-0.0389	-0.0389	-2.579***	-2.526***	-1.618**	-1.618**	-0.881**	-0.873**	-0.397	-0.397	-0.0585	-0.0579	-0.0504	-0.0504	-0.108**	-0.110**	-0.118***	-0.118***	0.00835	0.00809	0.00844	0.00844	-1.105***	-1.067***	-0.835***	-0.842***	-0.0384	-0.0314	0.0538	0.0543	-2.985***	-2.776***	-1.682**	-1.686**	-0.0955	-0.0337	0.462	0.469	-0.0740	-0.0765	-0.0730	-0.0738	-0.0477	-0.0530	-0.0726	-0.0735	0.00158	0.00104	0.00390	0.00388
	(0.218)	(0.218)	(0.213)	(0.213)	(0.0656)	(0.0657)	(0.0650)	(0.0650)	(0.731)	(0.731)	(0.721)	(0.721)	(0.397)	(0.398)	(0.398)	(0.398)	(0.0471)	(0.0471)	(0.0475)	(0.0475)	(0.0422)	(0.0426)	(0.0429)	(0.0429)	(0.00691)	(0.00695)	(0.00706)	(0.00706)	(0.278)	(0.274)	(0.273)	(0.273)	(0.0793)	(0.0793)	(0.0801)	(0.0802)	(0.802)	(0.805)	(0.826)	(0.826)	(0.483)	(0.483)	(0.481)	(0.481)	(0.0563)	(0.0564)	(0.0569)	(0.0567)	(0.0492)	(0.0498)	(0.0504)	(0.0508)	(0.00795)	(0.00806)	(0.00811)	(0.00812)
motherage	-11.03*	-11.29*	-9.814*	-9.814*	-2.625*	-2.714*	-2.170	-2.170	-21.79	-23.18	-15.99	-15.99	-3.584	-4.224	-1.134	-1.134	0.817	0.763	0.882	0.882	1.446	1.427	1.369	1.369	-0.256	-0.260	-0.244	-0.244	-18.20**	-19.28**	-17.45**	-17.13**	0.261	-0.0689	0.579	0.568	-21.66	-26.09	-19.00	-18.93	11.84	10.37	13.36	13.22	-2.585*	-2.584*	-2.617*	-2.572*	1.572	1.608	1.454	1.508	-0.252	-0.252	-0.262	-0.261
	(6.198)	(6.026)	(5.781)	(5.781)	(1.535)	(1.535)	(1.512)	(1.512)	(16.48)	(16.37)	(16.29)	(16.29)	(8.684)	(8.774)	(8.771)	(8.771)	(1.079)	(1.079)	(1.076)	(1.076)	(0.958)	(0.962)	(0.958)	(0.958)	(0.160)	(0.158)	(0.157)	(0.157)	(8.929)	(8.749)	(8.240)	(8.193)	(2.407)	(2.397)	(2.269)	(2.272)	(24.52)	(24.36)	(23.65)	(23.63)	(13.19)	(13.22)	(12.51)	(12.53)	(1.501)	(1.515)	(1.498)	(1.492)	(1.291)	(1.306)	(1.304)	(1.295)	(0.228)	(0.228)	(0.229)	(0.229)
motheragesq	0.342	0.350*	0.296	0.296	0.0928*	0.0963*	0.0758	0.0758	0.716	0.770	0.495	0.495	0.104	0.125	0.00202	0.00202	-0.0281	-0.0266	-0.0315	-0.0315	-0.0496	-0.0492	-0.0474	-0.0474	0.00733	0.00737	0.00677	0.00677	0.600*	0.636**	0.560*	0.551*	-0.00432	0.00694	-0.0175	-0.0174	0.691	0.846	0.574	0.572	-0.449	-0.398	-0.520	-0.518	0.0850	0.0852	0.0861	0.0851	-0.0672	-0.0683	-0.0624	-0.0636	0.00696	0.00696	0.00718	0.00716
	(0.211)	(0.206)	(0.198)	(0.198)	(0.0541)	(0.0541)	(0.0532)	(0.0532)	(0.579)	(0.576)	(0.571)	(0.571)	(0.313)	(0.316)	(0.314)	(0.314)	(0.0392)	(0.0392)	(0.0391)	(0.0391)	(0.0345)	(0.0346)	(0.0345)	(0.0345)	(0.00570)	(0.00567)	(0.00563)	(0.00563)	(0.312)	(0.306)	(0.287)	(0.285)	(0.0839)	(0.0833)	(0.0789)	(0.0790)	(0.861)	(0.855)	(0.826)	(0.825)	(0.463)	(0.464)	(0.439)	(0.440)	(0.0529)	(0.0533)	(0.0527)	(0.0525)	(0.0449)	(0.0454)	(0.0454)	(0.0452)	(0.00798)	(0.00799)	(0.00801)	(0.00800)
motheragecub	-0.00344	-0.00353	-0.00288	-0.00288	-0.00102*	-0.00106*	-0.000812	-0.000812	-0.00727	-0.00790	-0.00449	-0.00449	-0.000826	-0.00105	0.000514	0.000514	0.000268	0.000254	0.000317	0.000317	0.000521	0.000518	0.000499	0.000499	-6.96e-05	-6.92e-05	-6.21e-05	-6.21e-05	-0.00639*	-0.00678**	-0.00580*	-0.00571*	-7.83e-06	-0.000127	0.000165	0.000165	-0.00688	-0.00857	-0.00528	-0.00527	0.00534	0.00479	0.00633	0.00633	-0.000915	-0.000920	-0.000931	-0.000925	0.000859*	0.000870*	0.000796	0.000803	-6.26e-05	-6.28e-05	-6.41e-05	-6.39e-05
	(0.00230)	(0.00225)	(0.00217)	(0.00217)	(0.000604)	(0.000604)	(0.000595)	(0.000595)	(0.00644)	(0.00641)	(0.00634)	(0.00634)	(0.00353)	(0.00356)	(0.00354)	(0.00354)	(0.000447)	(0.000447)	(0.000446)	(0.000446)	(0.000392)	(0.000393)	(0.000391)	(0.000391)	(6.38e-05)	(6.35e-05)	(6.32e-05)	(6.32e-05)	(0.00346)	(0.00339)	(0.00317)	(0.00315)	(0.000936)	(0.000930)	(0.000881)	(0.000882)	(0.00964)	(0.00959)	(0.00924)	(0.00923)	(0.00515)	(0.00517)	(0.00488)	(0.00489)	(0.000594)	(0.000598)	(0.000590)	(0.000589)	(0.000498)	(0.000503)	(0.000504)	(0.000502)	(8.89e-05)	(8.89e-05)	(8.91e-05)	(8.90e-05)
agefirstbirth	0.278***	0.248***	0.128***	0.128***	0.0700***	0.0597***	0.0231*	0.0231*	1.030***	0.905***	0.490***	0.490***	0.407***	0.365***	0.138*	0.138*	-0.0186**	-0.0203**	-0.0216**	-0.0216**	-0.0162**	-0.0149*	-0.0118	-0.0118	0.000685	0.000963	0.000105	0.000105	0.368***	0.330***	0.117**	0.105*	0.0977***	0.0853***	0.0310**	0.0326**	1.420***	1.201***	0.608***	0.597***	0.556***	0.467***	0.188*	0.209**	-0.0232**	-0.0216**	-0.0231**	-0.0275**	-0.0285***	-0.0257***	-0.0226**	-0.0278***	-0.000105	0.000396	-0.00143	-0.00153
	(0.0382)	(0.0401)	(0.0419)	(0.0419)	(0.0114)	(0.0118)	(0.0121)	(0.0121)	(0.127)	(0.131)	(0.134)	(0.134)	(0.0713)	(0.0745)	(0.0742)	(0.0742)	(0.00845)	(0.00881)	(0.00916)	(0.00916)	(0.00743)	(0.00775)	(0.00803)	(0.00803)	(0.00125)	(0.00129)	(0.00135)	(0.00135)	(0.0509)	(0.0533)	(0.0560)	(0.0566)	(0.0139)	(0.0146)	(0.0154)	(0.0156)	(0.154)	(0.159)	(0.170)	(0.173)	(0.0929)	(0.0987)	(0.0968)	(0.0974)	(0.0103)	(0.0107)	(0.0112)	(0.0112)	(0.00918)	(0.00961)	(0.00998)	(0.0100)	(0.00159)	(0.00165)	(0.00172)	(0.00173)
miss_motherage	-118.7**	-120.9**	-106.3*	-106.3*	-25.65*	-26.48*	-20.31	-20.31	-222.0	-234.2	-156.4	-156.4	-33.42	-39.57	-7.094	-7.094	5.166	4.533	5.759	5.759	13.08	12.90	12.30	12.30	-2.797*	-2.846**	-2.740*	-2.740*	-179.5**	-191.9**	-176.1**	-172.6**	-0.0114	-3.335	2.725	2.563	-227.4	-272.6	-207.8	-206.5	100.9	85.89	112.6	110.4	-26.18*	-26.13*	-26.40*	-25.77*	11.54	11.93	10.71	11.45	-2.898	-2.892	-3.011	-2.997
	(60.05)	(58.15)	(55.52)	(55.52)	(14.28)	(14.28)	(14.09)	(14.09)	(153.7)	(152.5)	(152.5)	(152.5)	(77.99)	(78.99)	(80.03)	(80.03)	(9.648)	(9.643)	(9.605)	(9.605)	(8.718)	(8.768)	(8.724)	(8.724)	(1.450)	(1.428)	(1.413)	(1.413)	(82.96)	(81.23)	(76.90)	(76.49)	(22.67)	(22.63)	(21.46)	(21.47)	(227.8)	(226.1)	(220.8)	(220.6)	(122.4)	(122.6)	(116.3)	(116.4)	(13.92)	(14.04)	(13.89)	(13.81)	(12.11)	(12.25)	(12.26)	(12.21)	(2.131)	(2.131)	(2.144)	(2.142)
miss_agefirstbirth	7.599***	6.802***	3.164**	3.164**	1.942***	1.652***	0.516	0.516	30.02***	26.51***	13.52***	13.52***	10.34***	9.141***	2.094	2.094	-0.513**	-0.564**	-0.594**	-0.594**	-0.429**	-0.397*	-0.288	-0.288	0.0318	0.0393	0.0135	0.0135	9.081***	8.214***	2.330	1.773	2.324***	2.032***	0.459	0.536	38.21***	33.15***	16.06***	15.50***	13.40***	11.35***	3.221	4.289	-0.401	-0.377	-0.403	-0.626**	-0.517**	-0.472*	-0.365	-0.625**	0.0327	0.0433	-0.00867	-0.0136
	(1.117)	(1.169)	(1.235)	(1.235)	(0.342)	(0.353)	(0.364)	(0.364)	(3.782)	(3.932)	(4.031)	(4.031)	(2.066)	(2.148)	(2.159)	(2.159)	(0.243)	(0.254)	(0.266)	(0.266)	(0.217)	(0.226)	(0.236)	(0.236)	(0.0361)	(0.0374)	(0.0389)	(0.0389)	(1.369)	(1.430)	(1.518)	(1.577)	(0.382)	(0.400)	(0.426)	(0.443)	(4.215)	(4.361)	(4.710)	(4.892)	(2.497)	(2.612)	(2.592)	(2.677)	(0.272)	(0.282)	(0.301)	(0.306)	(0.243)	(0.253)	(0.267)	(0.274)	(0.0427)	(0.0440)	(0.0457)	(0.0467)
_mother_edu1			-5.055***	-5.055***			-2.001***	-2.001***			-18.42***	-18.42***			-12.71***	-12.71***			0.352	0.352			0.115	0.115			-0.0182	-0.0182			-6.153***	-6.143***			-1.428***	-1.429***			-11.52***	-11.51***			-10.22***	-10.23***			0.246	0.246			0.0412	0.0409			-0.0322	-0.0322
			(0.979)	(0.979)			(0.307)	(0.307)			(3.132)	(3.132)			(1.810)	(1.810)			(0.217)	(0.217)			(0.191)	(0.191)			(0.0336)	(0.0336)			(1.093)	(1.089)			(0.356)	(0.356)			(3.886)	(3.890)			(2.081)	(2.078)			(0.260)	(0.259)			(0.214)	(0.212)			(0.0386)	(0.0387)
_mother_edu2			-5.102***	-5.102***			-1.681***	-1.681***			-14.58***	-14.58***			-8.490***	-8.490***			0.409*	0.409*			0.168	0.168			-0.0121	-0.0121			-5.117***	-5.070***			-1.315***	-1.322***			-10.97***	-10.92***			-7.571***	-7.680***			0.156	0.177			0.0634	0.0877			0.0195	0.0200
			(0.909)	(0.909)			(0.301)	(0.301)			(3.140)	(3.140)			(1.752)	(1.752)			(0.225)	(0.225)			(0.191)	(0.191)			(0.0353)	(0.0353)			(1.080)	(1.080)			(0.364)	(0.365)			(3.873)	(3.881)			(2.138)	(2.137)			(0.269)	(0.268)			(0.219)	(0.217)			(0.0416)	(0.0417)
_mother_edu3			-3.210***	-3.210***			-0.912***	-0.912***			-8.335***	-8.335***			-5.973***	-5.973***			0.265	0.265			-0.0310	-0.0310			-0.0439	-0.0439			-3.027***	-2.982***			-0.496	-0.502			-4.984	-4.933			-3.775**	-3.872**			-0.0245	-0.00672			-0.0650	-0.0442			-0.0171	-0.0167
			(0.722)	(0.722)			(0.249)	(0.249)			(2.569)	(2.569)			(1.483)	(1.483)			(0.189)	(0.189)			(0.159)	(0.159)			(0.0292)	(0.0292)			(0.910)	(0.908)			(0.310)	(0.311)			(3.412)	(3.415)			(1.815)	(1.816)			(0.239)	(0.239)			(0.190)	(0.189)			(0.0357)	(0.0358)
_mother_edu4			-2.185***	-2.185***			-0.990***	-0.990***			-8.098***	-8.098***			-5.246***	-5.246***			0.267	0.267			0.0566	0.0566			-0.00787	-0.00787			-1.695*	-1.655*			-0.620*	-0.627**			-6.073*	-6.016*			-4.173**	-4.278**			0.399	0.418*			0.0763	0.0985			0.0264	0.0268
			(0.759)	(0.759)			(0.255)	(0.255)			(2.631)	(2.631)			(1.527)	(1.527)			(0.195)	(0.195)			(0.164)	(0.164)			(0.0310)	(0.0310)			(0.948)	(0.946)			(0.317)	(0.318)			(3.446)	(3.452)			(1.907)	(1.909)			(0.246)	(0.245)			(0.197)	(0.195)			(0.0385)	(0.0386)
_mother_edu5			-1.457**	-1.457**			-0.481**	-0.481**			-2.928	-2.928			-3.535***	-3.535***			0.415**	0.415**			-0.00402	-0.00402			-4.59e-05	-4.59e-05			-0.844	-0.819			-0.126	-0.128			0.182	0.202			-1.608	-1.645			0.231	0.237			0.0837	0.0901			0.0119	0.0120
			(0.652)	(0.652)			(0.231)	(0.231)			(2.383)	(2.383)			(1.360)	(1.360)			(0.177)	(0.177)			(0.147)	(0.147)			(0.0277)	(0.0277)			(0.834)	(0.831)			(0.285)	(0.285)			(3.123)	(3.127)			(1.681)	(1.680)			(0.224)	(0.223)			(0.176)	(0.174)			(0.0337)	(0.0337)
_mother_edu7			-4.905***	-4.905***			-0.746**	-0.746**			-13.57***	-13.57***			-9.722***	-9.722***			0.191	0.191			0.00264	0.00264			0.0309	0.0309			-5.279***	-5.170***			-0.799*	-0.810*			-12.57***	-12.49***			-8.773***	-8.937***			0.340	0.373			0.226	0.264			-0.0132	-0.0124
			(1.408)	(1.408)			(0.363)	(0.363)			(4.542)	(4.542)			(2.306)	(2.306)			(0.302)	(0.302)			(0.261)	(0.261)			(0.0563)	(0.0563)			(1.345)	(1.352)			(0.420)	(0.421)			(4.579)	(4.581)			(2.472)	(2.473)			(0.307)	(0.307)			(0.272)	(0.269)			(0.0492)	(0.0493)
_inc1			2.222	2.222			-0.364	-0.364			-4.684	-4.684			1.894	1.894			-0.539	-0.539			-0.412	-0.412			0.0891	0.0891			0.556	0.584			0.169	0.159			1.231	1.301			2.845	2.716			-0.585	-0.557			-0.523	-0.491			-0.0334	-0.0327
			(2.621)	(2.621)			(0.801)	(0.801)			(7.001)	(7.001)			(5.310)	(5.310)			(0.509)	(0.509)			(0.504)	(0.504)			(0.107)	(0.107)			(2.526)	(2.524)			(0.872)	(0.872)			(9.234)	(9.238)			(5.172)	(5.198)			(0.487)	(0.497)			(0.396)	(0.401)			(0.0814)	(0.0814)
_inc2			-2.371***	-2.371***			-0.540***	-0.540***			-9.379***	-9.379***			-3.959***	-3.959***			-0.194	-0.194			0.0624	0.0624			-0.000173	-0.000173			-2.708***	-2.731***			-0.655***	-0.651***			-10.17***	-10.20***			-2.170	-2.110			-0.109	-0.122			0.284**	0.269**			-0.0272	-0.0275
			(0.653)	(0.653)			(0.184)	(0.184)			(1.964)	(1.964)			(1.137)	(1.137)			(0.135)	(0.135)			(0.121)	(0.121)			(0.0204)	(0.0204)			(0.736)	(0.737)			(0.222)	(0.222)			(2.309)	(2.308)			(1.327)	(1.327)			(0.159)	(0.158)			(0.131)	(0.131)			(0.0241)	(0.0241)
_inc3			-1.789***	-1.789***			-0.460***	-0.460***			-7.387***	-7.387***			-3.981***	-3.981***			-0.159	-0.159			-0.0214	-0.0214			-0.0171	-0.0171			-2.722***	-2.764***			-0.578***	-0.571***			-8.182***	-8.231***			-3.075**	-2.979**			0.0175	-0.00348			0.182	0.157			-0.0461**	-0.0466**
			(0.596)	(0.596)			(0.170)	(0.170)			(1.765)	(1.765)			(1.074)	(1.074)			(0.129)	(0.129)			(0.111)	(0.111)			(0.0184)	(0.0184)			(0.684)	(0.686)			(0.202)	(0.203)			(2.128)	(2.127)			(1.227)	(1.229)			(0.149)	(0.149)			(0.120)	(0.120)			(0.0214)	(0.0214)
_inc4			-0.356	-0.356			-0.234*	-0.234*			-2.086	-2.086			-0.812	-0.812			0.0977	0.0977			-0.0124	-0.0124			-0.00640	-0.00640			-2.118***	-2.164***			-0.403**	-0.397**			-3.451*	-3.493*			-1.044	-0.962			0.191	0.174			0.148	0.128			-0.0313	-0.0317
			(0.528)	(0.528)			(0.141)	(0.141)			(1.484)	(1.484)			(0.868)	(0.868)			(0.117)	(0.117)			(0.0983)	(0.0983)			(0.0170)	(0.0170)			(0.651)	(0.651)			(0.188)	(0.189)			(1.991)	(1.993)			(1.112)	(1.113)			(0.144)	(0.143)			(0.117)	(0.115)			(0.0224)	(0.0223)
_inc6			1.405***	1.405***			0.328**	0.328**			2.142	2.142			0.575	0.575			-0.162	-0.162			-0.141	-0.141			0.0173	0.0173			0.641	0.627			0.655***	0.657***			5.928***	5.914***			1.772	1.798			-0.139	-0.145			0.00605	-0.000715			-0.00496	-0.00509
			(0.462)	(0.462)			(0.138)	(0.138)			(1.436)	(1.436)			(0.896)	(0.896)			(0.115)	(0.115)			(0.0955)	(0.0955)			(0.0172)	(0.0172)			(0.639)	(0.638)			(0.182)	(0.182)			(1.998)	(1.998)			(1.201)	(1.199)			(0.154)	(0.155)			(0.125)	(0.125)			(0.0248)	(0.0248)
height		4.852*	2.660	2.660		1.028	0.373	0.373		19.34***	11.85*	11.85*		6.268	2.239	2.239		-0.0991	-0.117	-0.117		0.222	0.306	0.306		0.0371	0.0240	0.0240		6.396**	3.250	3.436		1.349	0.582	0.555		21.13**	12.60	12.78		13.01**	9.189*	8.831*		0.747	0.712	0.792		0.607	0.680	0.774		-0.0360	-0.0557	-0.0539
		(2.531)	(2.432)	(2.432)		(0.712)	(0.685)	(0.685)		(7.378)	(7.148)	(7.148)		(4.302)	(4.195)	(4.195)		(0.530)	(0.529)	(0.529)		(0.458)	(0.458)	(0.458)		(0.0738)	(0.0736)	(0.0736)		(3.075)	(2.891)	(2.896)		(0.869)	(0.859)	(0.859)		(8.949)	(8.870)	(8.884)		(5.059)	(4.919)	(4.920)		(0.617)	(0.620)	(0.618)		(0.526)	(0.524)	(0.525)		(0.0852)	(0.0842)	(0.0845)
daily_cig_before_preg		-0.0469**	0.0144	0.0144		-0.0195***	-0.00206	-0.00206		-0.224***	-0.00963	-0.00963		-0.0703*	0.0346	0.0346		-0.00536	-0.00390	-0.00390		0.00286	0.000753	0.000753		0.000722	0.00104	0.00104		-0.0677**	0.000912	-0.00412		-0.0205**	-0.00188	-0.00116		-0.368***	-0.152*	-0.158*		-0.131***	-0.0330	-0.0230		0.00523	0.00658	0.00448		0.00633	0.00406	0.00161		0.000842	0.00136	0.00132
		(0.0232)	(0.0237)	(0.0237)		(0.00683)	(0.00681)	(0.00681)		(0.0737)	(0.0737)	(0.0737)		(0.0409)	(0.0418)	(0.0418)		(0.00513)	(0.00529)	(0.00529)		(0.00474)	(0.00493)	(0.00493)		(0.000792)	(0.000820)	(0.000820)		(0.0287)	(0.0283)	(0.0286)		(0.00867)	(0.00857)	(0.00863)		(0.0871)	(0.0878)	(0.0884)		(0.0484)	(0.0497)	(0.0501)		(0.00585)	(0.00602)	(0.00603)		(0.00515)	(0.00535)	(0.00537)		(0.000928)	(0.000962)	(0.000963)
weekly_alcohol_b_preg		-0.0447*	-0.0441*	-0.0441*		-0.00108	0.000789	0.000789		-0.0387	-0.0211	-0.0211		-0.0578	-0.0451	-0.0451		-0.00764	-0.00727	-0.00727		-0.00211	-0.00222	-0.00222		-0.00135*	-0.00137**	-0.00137**		0.0110	0.0116	0.0122		-0.000213	-0.00211	-0.00224		-0.0655	-0.0868	-0.0859		0.00622	-0.000397	-0.00205		-0.00505	-0.00404	-0.00365		-0.00286	-0.00260	-0.00214		-0.000386	-0.000363	-0.000354
		(0.0261)	(0.0255)	(0.0255)		(0.00670)	(0.00671)	(0.00671)		(0.0750)	(0.0732)	(0.0732)		(0.0531)	(0.0518)	(0.0518)		(0.00508)	(0.00508)	(0.00508)		(0.00462)	(0.00466)	(0.00466)		(0.000692)	(0.000692)	(0.000692)		(0.0229)	(0.0222)	(0.0224)		(0.00669)	(0.00666)	(0.00667)		(0.0793)	(0.0798)	(0.0798)		(0.0525)	(0.0506)	(0.0506)		(0.00477)	(0.00481)	(0.00480)		(0.00464)	(0.00469)	(0.00465)		(0.000860)	(0.000851)	(0.000850)
complications_during_preg		-0.468	-0.480	-0.480		-0.101	-0.117	-0.117		-0.163	-0.376	-0.376		-0.373	-0.524	-0.524		0.0244	0.0129	0.0129		0.166**	0.166**	0.166**		0.0115	0.0125	0.0125		0.0692	-0.0634	-0.0648		-0.0574	-0.0685	-0.0682		-1.811	-1.894	-1.895		-0.621	-0.842	-0.838		0.0606	0.0530	0.0520		0.150**	0.148*	0.147*		0.00677	0.00624	0.00622
		(0.364)	(0.355)	(0.355)		(0.101)	(0.0987)	(0.0987)		(1.066)	(1.045)	(1.045)		(0.613)	(0.600)	(0.600)		(0.0752)	(0.0752)	(0.0752)		(0.0661)	(0.0661)	(0.0661)		(0.0112)	(0.0112)	(0.0112)		(0.430)	(0.418)	(0.418)		(0.123)	(0.120)	(0.120)		(1.294)	(1.279)	(1.279)		(0.739)	(0.723)	(0.722)		(0.0871)	(0.0876)	(0.0874)		(0.0758)	(0.0761)	(0.0758)		(0.0132)	(0.0131)	(0.0131)
miss_height		3.415	0.480	0.480		0.961	0.214	0.214		23.41*	14.34	14.34		5.496	0.861	0.861		-0.530	-0.561	-0.561		0.362	0.491	0.491		0.00978	-0.0133	-0.0133		5.731	1.676	2.084		1.700	0.646	0.590		26.37*	14.34	14.74		19.88**	14.96*	14.20*		1.005	1.004	1.171		1.045	1.211	1.406		-0.0725	-0.0936	-0.0898
		(4.477)	(4.329)	(4.329)		(1.247)	(1.198)	(1.198)		(13.08)	(12.77)	(12.77)		(7.689)	(7.446)	(7.446)		(0.922)	(0.918)	(0.918)		(0.805)	(0.803)	(0.803)		(0.125)	(0.124)	(0.124)		(5.331)	(5.045)	(5.056)		(1.480)	(1.451)	(1.450)		(15.28)	(15.10)	(15.13)		(8.555)	(8.294)	(8.301)		(1.044)	(1.048)	(1.048)		(0.901)	(0.900)	(0.902)		(0.148)	(0.147)	(0.148)
miss_daily_cig_before_preg		-8.334***	-8.554***	-8.554***		-0.957***	-1.469***	-1.469***		13.76***	8.732***	8.732***		-3.208	-5.272	-5.272		-0.203	-0.104	-0.104		0.263	0.403	0.403		-0.114***	-0.113**	-0.113**		0.462	0.929	0.850		1.633	1.657	1.674		1.302	2.884	2.768		-1.901	-1.671	-1.443		0.181	0.0962	0.0487		0.163	0.0265	-0.0291		0.131***	0.136***	0.135***
		(1.638)	(1.192)	(1.192)		(0.315)	(0.324)	(0.324)		(2.748)	(2.769)	(2.769)		(3.337)	(3.487)	(3.487)		(1.174)	(1.259)	(1.259)		(1.232)	(1.264)	(1.264)		(0.0414)	(0.0482)	(0.0482)		(1.956)	(2.217)	(2.251)		(1.081)	(1.118)	(1.124)		(7.418)	(6.757)	(6.732)		(8.495)	(8.346)	(8.340)		(0.886)	(0.858)	(0.886)		(0.629)	(0.594)	(0.624)		(0.0412)	(0.0459)	(0.0458)
miss_weekly_alcohol_b_preg		2.686	4.049	4.049		0.00714	0.504	0.504		-27.38***	-21.20**	-21.20**		-2.475	0.923	0.923		1.032	0.899	0.899		0.108	-0.0833	-0.0833		0.210***	0.243***	0.243***		0	0	0		0	0	0		0	0	0		0	0	0		0	0	0		0	0	0		0	0	0
		(2.929)	(2.675)	(2.675)		(1.039)	(1.038)	(1.038)		(9.269)	(8.530)	(8.530)		(6.394)	(6.644)	(6.644)		(1.335)	(1.421)	(1.421)		(1.342)	(1.379)	(1.379)		(0.0591)	(0.0668)	(0.0668)		(0)	(0)	(0)		(0)	(0)	(0)		(0)	(0)	(0)		(0)	(0)	(0)		(0)	(0)	(0)		(0)	(0)	(0)		(0)	(0)	(0)
miss_complications_during_preg		0	0	0		0	0	0		0	0	0		0	0	0		0	0	0		0	0	0		0	0	0		0	0	0		0	0	0		0	0	0		0	0	0		0	0	0		0	0	0		0	0	0
		(0)	(0)	(0)		(0)	(0)	(0)		(0)	(0)	(0)		(0)	(0)	(0)		(0)	(0)	(0)		(0)	(0)	(0)		(0)	(0)	(0)		(0)	(0)	(0)		(0)	(0)	(0)		(0)	(0)	(0)		(0)	(0)	(0)		(0)	(0)	(0)		(0)	(0)	(0)		(0)	(0)	(0)
Constant	169.3***	165.4***	163.7***	163.7***	28.86**	28.25**	27.04**	27.04**	278.1*	261.0*	227.0	227.0	152.9**	150.2**	146.2*	146.2*	0.947	1.107	-0.218	-0.218	-8.250	-9.127	-8.656	-8.656	3.065**	3.007**	2.913**	2.913**	238.5***	240.4***	240.8***	237.0***	6.226	7.315	5.942	6.098	291.9	301.8	289.1	288.4	28.83	12.82	6.723	9.580	26.01**	25.52*	25.98**	25.23**	-7.277	-7.541	-6.659	-7.538	2.372	2.346	2.567	2.550
	(53.92)	(51.66)	(49.68)	(49.68)	(13.02)	(13.04)	(12.87)	(12.87)	(151.7)	(150.4)	(150.9)	(150.9)	(72.88)	(74.32)	(74.58)	(74.58)	(9.633)	(9.651)	(9.603)	(9.603)	(8.611)	(8.672)	(8.630)	(8.630)	(1.415)	(1.395)	(1.378)	(1.378)	(82.10)	(79.07)	(75.47)	(75.06)	(20.70)	(20.67)	(19.64)	(19.65)	(211.8)	(209.5)	(204.6)	(204.4)	(120.8)	(121.3)	(115.2)	(115.3)	(12.91)	(13.05)	(12.91)	(12.85)	(11.19)	(11.30)	(11.28)	(11.20)	(1.967)	(1.976)	(1.994)	(1.993)
																																																								
Observations	4,579	4,579	4,579	4,579	4,247	4,247	4,247	4,247	4,190	4,190	4,190	4,190	4,233	4,233	4,233	4,233	4,316	4,316	4,316	4,316	4,316	4,316	4,316	4,316	4,316	4,316	4,316	4,316	3,437	3,437	3,437	3,437	3,157	3,157	3,157	3,157	3,110	3,110	3,110	3,110	3,141	3,141	3,141	3,141	3,217	3,217	3,217	3,217	3,217	3,217	3,217	3,217	3,217	3,217	3,217	3,217
R-squared	0.102	0.109	0.144	0.144	0.087	0.091	0.134	0.134	0.124	0.130	0.175	0.175	0.088	0.091	0.131	0.131	0.024	0.026	0.031	0.031	0.040	0.043	0.045	0.045	0.024	0.027	0.033	0.033	0.103	0.112	0.159	0.160	0.096	0.102	0.146	0.146	0.150	0.162	0.205	0.205	0.099	0.105	0.139	0.140	0.033	0.034	0.043	0.047	0.052	0.055	0.060	0.066	0.028	0.029	0.036	0.036
Robust standard errors in parentheses																																																								
*** p<0.01, ** p<0.05, * p<0.1																																																								
