	(1)	(2)	(3)	(4)	(5)	(6)	(7)	(8)	(9)	(10)	(11)	(12)	(13)	(14)	(15)	(16)	(17)	(18)	(19)	(20)	(21)	(22)	(23)	(24)	(25)	(26)	(27)	(28)	(29)	(30)	(31)	(32)	(33)	(34)	(35)	(36)	(37)	(38)	(39)	(40)	(41)	(42)	(43)	(44)	(45)	(46)	(47)	(48)	(49)	(50)	(51)	(52)	(53)	(54)	(55)	(56)
VARIABLES	Q_Verbal_Similarities	Q_Verbal_Similarities	Q_Verbal_Similarities	Q_Verbal_Similarities	Q_Number_Skills	Q_Number_Skills	Q_Number_Skills	Q_Number_Skills	Q_Word_Reading	Q_Word_Reading	Q_Word_Reading	Q_Word_Reading	Q_Pattern_Construction	Q_Pattern_Construction	Q_Pattern_Construction	Q_Pattern_Construction	Q_Help_Reading_Freq	Q_Help_Reading_Freq	Q_Help_Reading_Freq	Q_Help_Reading_Freq	Q_Help_Writing_Freq	Q_Help_Writing_Freq	Q_Help_Writing_Freq	Q_Help_Writing_Freq	Q_Proactive_School_Selection	Q_Proactive_School_Selection	Q_Proactive_School_Selection	Q_Proactive_School_Selection	Q_Verbal_Similarities	Q_Verbal_Similarities	Q_Verbal_Similarities	Q_Verbal_Similarities	Q_Number_Skills	Q_Number_Skills	Q_Number_Skills	Q_Number_Skills	Q_Word_Reading	Q_Word_Reading	Q_Word_Reading	Q_Word_Reading	Q_Pattern_Construction	Q_Pattern_Construction	Q_Pattern_Construction	Q_Pattern_Construction	Q_Help_Reading_Freq	Q_Help_Reading_Freq	Q_Help_Reading_Freq	Q_Help_Reading_Freq	Q_Help_Writing_Freq	Q_Help_Writing_Freq	Q_Help_Writing_Freq	Q_Help_Writing_Freq	Q_Proactive_School_Selection	Q_Proactive_School_Selection	Q_Proactive_School_Selection	Q_Proactive_School_Selection
																																																								
fert	0.0612	0.160	0.181	0.181	0.0709	0.0810	0.0575	0.0575	0.313	0.552	0.578	0.578	-0.189	-0.123	-0.135	-0.135	-0.107	-0.112	-0.0874	-0.0874	-0.133*	-0.133*	-0.138*	-0.138*	0.0120	0.0130	0.00952	0.00952	-1.296**	-1.187**	-0.833*	-0.864*	-0.0825	-0.0660	-0.00206	-0.000351	-3.730***	-3.377**	-2.182	-1.731	-0.457	-0.511	0.142	0.0485	0.0478	0.0560	0.103	0.135	-0.132	-0.135	-0.144	-0.101	0.00423	0.00615	0.00907	0.00916
	(0.394)	(0.386)	(0.387)	(0.387)	(0.112)	(0.112)	(0.110)	(0.110)	(1.201)	(1.176)	(1.174)	(1.174)	(0.712)	(0.710)	(0.710)	(0.710)	(0.0828)	(0.0828)	(0.0836)	(0.0836)	(0.0777)	(0.0782)	(0.0784)	(0.0784)	(0.0132)	(0.0134)	(0.0135)	(0.0135)	(0.531)	(0.496)	(0.491)	(0.500)	(0.152)	(0.152)	(0.155)	(0.156)	(1.379)	(1.367)	(1.418)	(1.436)	(0.913)	(0.904)	(0.914)	(0.919)	(0.0991)	(0.0996)	(0.104)	(0.105)	(0.0897)	(0.0905)	(0.0927)	(0.0937)	(0.0146)	(0.0145)	(0.0149)	(0.0154)
motherage	6.009	4.396	6.972	6.972	-0.799	-1.135	-1.074	-1.074	0.267	-3.767	1.083	1.083	-4.387	-6.482	-3.925	-3.925	0.618	0.656	0.850	0.850	0.357	0.505	0.578	0.578	-0.276	-0.316	-0.234	-0.234	-14.91	-16.56	-13.99	-14.19	-6.916	-7.242*	-5.861	-5.862	-84.52**	-91.50**	-78.95*	-79.12*	4.601	1.775	4.732	4.814	0.228	0.118	0.153	0.200	0.896	0.980	0.501	0.564	-0.242	-0.238	-0.319	-0.319
	(6.921)	(6.826)	(6.772)	(6.772)	(2.030)	(2.027)	(1.993)	(1.993)	(19.76)	(19.86)	(19.61)	(19.61)	(12.64)	(12.96)	(12.70)	(12.70)	(1.543)	(1.538)	(1.554)	(1.554)	(1.336)	(1.362)	(1.364)	(1.364)	(0.201)	(0.198)	(0.196)	(0.196)	(12.63)	(12.67)	(12.97)	(12.98)	(4.264)	(4.272)	(4.284)	(4.286)	(40.49)	(40.36)	(40.68)	(41.12)	(26.04)	(25.91)	(25.35)	(25.27)	(3.112)	(3.130)	(3.104)	(3.099)	(2.651)	(2.665)	(2.655)	(2.628)	(0.457)	(0.456)	(0.453)	(0.453)
motheragesq	-0.190	-0.135	-0.241	-0.241	0.0263	0.0376	0.0303	0.0303	0.0415	0.194	-0.0408	-0.0408	0.220	0.290	0.162	0.162	-0.0350	-0.0370	-0.0456	-0.0456	-0.0182	-0.0225	-0.0251	-0.0251	0.00959	0.0108	0.00778	0.00778	0.548	0.603	0.491	0.498	0.271*	0.281*	0.227	0.227	3.160**	3.386**	2.885*	2.895*	-0.164	-0.0707	-0.181	-0.185	-0.01000	-0.00664	-0.0106	-0.0118	-0.0356	-0.0384	-0.0227	-0.0244	0.00750	0.00737	0.0104	0.0104
	(0.247)	(0.244)	(0.242)	(0.242)	(0.0716)	(0.0715)	(0.0705)	(0.0705)	(0.703)	(0.704)	(0.692)	(0.692)	(0.458)	(0.467)	(0.456)	(0.456)	(0.0554)	(0.0553)	(0.0560)	(0.0560)	(0.0487)	(0.0494)	(0.0494)	(0.0494)	(0.00735)	(0.00723)	(0.00723)	(0.00723)	(0.477)	(0.478)	(0.491)	(0.491)	(0.156)	(0.156)	(0.156)	(0.157)	(1.496)	(1.491)	(1.499)	(1.516)	(0.955)	(0.949)	(0.930)	(0.927)	(0.118)	(0.118)	(0.117)	(0.117)	(0.0988)	(0.0992)	(0.0991)	(0.0981)	(0.0166)	(0.0165)	(0.0164)	(0.0164)
motheragecub	0.00178	0.00117	0.00243	0.00243	-0.000310	-0.000428	-0.000324	-0.000324	-0.001000	-0.00272	0.000285	0.000285	-0.00293	-0.00366	-0.00198	-0.00198	0.000454	0.000482	0.000595	0.000595	0.000217	0.000256	0.000285	0.000285	-0.000103	-0.000115	-7.93e-05	-7.93e-05	-0.00692	-0.00748	-0.00602	-0.00610	-0.00347*	-0.00358*	-0.00289	-0.00289	-0.0381**	-0.0403**	-0.0338*	-0.0339*	0.00157	0.000675	0.00207	0.00210	7.05e-05	3.86e-05	9.75e-05	0.000118	0.000314	0.000342	0.000164	0.000191	-8.31e-05	-8.26e-05	-0.000117	-0.000117
	(0.00274)	(0.00271)	(0.00268)	(0.00268)	(0.000784)	(0.000783)	(0.000774)	(0.000774)	(0.00781)	(0.00780)	(0.00766)	(0.00766)	(0.00510)	(0.00519)	(0.00506)	(0.00506)	(0.000614)	(0.000614)	(0.000621)	(0.000621)	(0.000545)	(0.000551)	(0.000551)	(0.000551)	(8.23e-05)	(8.09e-05)	(8.15e-05)	(8.15e-05)	(0.00588)	(0.00588)	(0.00608)	(0.00607)	(0.00184)	(0.00185)	(0.00186)	(0.00186)	(0.0180)	(0.0179)	(0.0180)	(0.0182)	(0.0114)	(0.0113)	(0.0111)	(0.0110)	(0.00146)	(0.00146)	(0.00145)	(0.00144)	(0.00120)	(0.00120)	(0.00121)	(0.00119)	(0.000196)	(0.000195)	(0.000194)	(0.000194)
agefirstbirth	-0.0764	-0.0569	-0.0574	-0.0574	-0.0533	-0.0511	-0.0293	-0.0293	0.0315	0.0538	0.187	0.187	-0.356	-0.344	-0.208	-0.208	0.0243	0.0213	0.0266	0.0266	-0.00715	-0.00915	-0.00914	-0.00914	-0.00356	-0.00329	-0.00467	-0.00467	0.317***	0.300***	0.154	0.181	0.0878***	0.0802**	0.0328	0.0313	1.550***	1.409***	0.872***	0.467	0.485***	0.389**	0.170	0.254	0.0175	0.0167	0.0104	-0.0185	-0.0163	-0.0140	-0.0140	-0.0526**	-0.00124	-0.000691	-0.00333	-0.00341
	(0.167)	(0.163)	(0.161)	(0.161)	(0.0470)	(0.0456)	(0.0445)	(0.0445)	(0.462)	(0.442)	(0.442)	(0.442)	(0.300)	(0.292)	(0.296)	(0.296)	(0.0389)	(0.0392)	(0.0385)	(0.0385)	(0.0339)	(0.0333)	(0.0328)	(0.0328)	(0.00338)	(0.00343)	(0.00332)	(0.00332)	(0.0992)	(0.0988)	(0.0994)	(0.116)	(0.0316)	(0.0323)	(0.0317)	(0.0362)	(0.323)	(0.323)	(0.309)	(0.358)	(0.158)	(0.160)	(0.163)	(0.187)	(0.0231)	(0.0233)	(0.0241)	(0.0280)	(0.0206)	(0.0209)	(0.0212)	(0.0234)	(0.00294)	(0.00301)	(0.00304)	(0.00345)
miss_motherage	47.32	34.88	50.39	50.39	-9.926	-12.46	-12.83	-12.83	11.43	-10.84	21.48	21.48	-29.03	-45.73	-29.74	-29.74	-3.687	-3.452	-0.816	-0.816	2.413	3.934	5.298	5.298	-2.238	-2.631	-2.001	-2.001	-142.4	-159.5	-139.1	-141.2	-62.11	-65.05*	-53.08	-53.07	-739.5**	-807.0**	-697.1*	-695.7*	26.91	1.822	32.29	32.39	-0.749	-2.218	-2.629	-1.982	5.597	6.155	1.394	2.258	-2.490	-2.464	-3.124	-3.122
	(62.96)	(61.95)	(61.75)	(61.75)	(18.64)	(18.58)	(18.29)	(18.29)	(183.9)	(185.0)	(184.5)	(184.5)	(112.7)	(116.3)	(115.2)	(115.2)	(13.94)	(13.82)	(13.93)	(13.93)	(11.80)	(12.13)	(12.16)	(12.16)	(1.786)	(1.754)	(1.722)	(1.722)	(110.3)	(110.8)	(113.0)	(113.3)	(38.12)	(38.22)	(38.36)	(38.37)	(357.8)	(356.8)	(360.4)	(364.1)	(231.1)	(230.5)	(225.0)	(224.3)	(26.91)	(27.09)	(26.87)	(26.82)	(23.27)	(23.45)	(23.34)	(23.11)	(4.109)	(4.108)	(4.080)	(4.085)
miss_agefirstbirth	0	0	0	0	0	0	0	0	0	0	0	0	0	0	0	0	0	0	0	0	0	0	0	0	0	0	0	0	0	0	0	0	0	0	0	0	0	0	0	0	0	0	0	0	0	0	0	0	0	0	0	0	0	0	0	0
	(0)	(0)	(0)	(0)	(0)	(0)	(0)	(0)	(0)	(0)	(0)	(0)	(0)	(0)	(0)	(0)	(0)	(0)	(0)	(0)	(0)	(0)	(0)	(0)	(0)	(0)	(0)	(0)	(0)	(0)	(0)	(0)	(0)	(0)	(0)	(0)	(0)	(0)	(0)	(0)	(0)	(0)	(0)	(0)	(0)	(0)	(0)	(0)	(0)	(0)	(0)	(0)	(0)	(0)	(0)	(0)
_mother_edu1			-5.022***	-5.022***			-2.096***	-2.096***			-16.67***	-16.67***			-11.31***	-11.31***			0.424	0.424			0.228	0.228			-0.0411	-0.0411			-5.950***	-6.008***			-1.507***	-1.503***			-12.13**	-11.21**			-6.121**	-6.318**			0.0601	0.126			-0.201	-0.113			-0.0521	-0.0519
			(1.518)	(1.518)			(0.428)	(0.428)			(4.060)	(4.060)			(2.733)	(2.733)			(0.346)	(0.346)			(0.321)	(0.321)			(0.0555)	(0.0555)			(1.500)	(1.522)			(0.452)	(0.454)			(4.764)	(4.797)			(3.075)	(3.077)			(0.381)	(0.379)			(0.322)	(0.320)			(0.0564)	(0.0566)
_mother_edu2			-4.171***	-4.171***			-1.656***	-1.656***			-12.72***	-12.72***			-7.682***	-7.682***			0.556	0.556			0.193	0.193			-0.0921*	-0.0921*			-5.853***	-5.910***			-1.535***	-1.531***			-12.06**	-11.05**			-6.849**	-7.063**			0.355	0.431			0.178	0.279			-0.0194	-0.0191
			(1.370)	(1.370)			(0.397)	(0.397)			(3.951)	(3.951)			(2.236)	(2.236)			(0.357)	(0.357)			(0.303)	(0.303)			(0.0498)	(0.0498)			(1.534)	(1.550)			(0.469)	(0.472)			(4.815)	(4.844)			(2.788)	(2.798)			(0.401)	(0.398)			(0.345)	(0.343)			(0.0539)	(0.0539)
_mother_edu3			-4.482***	-4.482***			-1.156***	-1.156***			-9.368***	-9.368***			-7.288***	-7.288***			0.374	0.374			-0.0494	-0.0494			-0.0801*	-0.0801*			-4.457***	-4.499***			-1.327***	-1.324***			-9.301**	-8.550**			-2.900	-3.059			0.0339	0.0883			-0.156	-0.0833			-0.0184	-0.0183
			(1.095)	(1.095)			(0.300)	(0.300)			(2.970)	(2.970)			(1.865)	(1.865)			(0.293)	(0.293)			(0.246)	(0.246)			(0.0455)	(0.0455)			(1.324)	(1.341)			(0.355)	(0.358)			(3.910)	(3.939)			(2.415)	(2.420)			(0.344)	(0.342)			(0.273)	(0.269)			(0.0494)	(0.0495)
_mother_edu4			-3.326***	-3.326***			-0.716**	-0.716**			-5.759*	-5.759*			-4.432**	-4.432**			0.320	0.320			-0.0270	-0.0270			-0.0844*	-0.0844*			-3.349**	-3.387**			-1.162***	-1.159***			-8.430**	-7.681*			-1.880	-2.034			0.410	0.464			0.0360	0.107			0.0118	0.0120
			(1.135)	(1.135)			(0.313)	(0.313)			(3.025)	(3.025)			(1.890)	(1.890)			(0.305)	(0.305)			(0.254)	(0.254)			(0.0461)	(0.0461)			(1.382)	(1.396)			(0.356)	(0.359)			(4.117)	(4.145)			(2.520)	(2.536)			(0.358)	(0.357)			(0.288)	(0.283)			(0.0546)	(0.0545)
_mother_edu5			-2.618***	-2.618***			-0.633**	-0.633**			-3.426	-3.426			-2.939*	-2.939*			0.436	0.436			-0.0315	-0.0315			-0.0216	-0.0216			-3.017**	-3.030**			-0.576*	-0.575*			-4.441	-4.112			-1.825	-1.895			0.00672	0.0293			0.107	0.137			0.0288	0.0289
			(0.981)	(0.981)			(0.273)	(0.273)			(2.606)	(2.606)			(1.586)	(1.586)			(0.273)	(0.273)			(0.224)	(0.224)			(0.0438)	(0.0438)			(1.210)	(1.216)			(0.312)	(0.314)			(3.509)	(3.540)			(2.193)	(2.191)			(0.320)	(0.316)			(0.255)	(0.251)			(0.0467)	(0.0468)
_mother_edu7			-5.665**	-5.665**			-0.976*	-0.976*			-8.685	-8.685			-9.886***	-9.886***			-0.533	-0.533			-0.393	-0.393			0.0214	0.0214			-6.820***	-6.879***			-1.311**	-1.306**			-12.76**	-11.60**			-7.754***	-7.999***			-0.360	-0.278			-0.0661	0.0438			0.0575	0.0577
			(2.267)	(2.267)			(0.514)	(0.514)			(5.444)	(5.444)			(2.958)	(2.958)			(0.420)	(0.420)			(0.415)	(0.415)			(0.0884)	(0.0884)			(2.067)	(2.084)			(0.511)	(0.517)			(5.779)	(5.789)			(2.921)	(2.933)			(0.435)	(0.434)			(0.369)	(0.366)			(0.0844)	(0.0846)
_inc1			4.389	4.389			-0.560	-0.560			1.055	1.055			5.513	5.513			-1.548***	-1.548***			-1.575***	-1.575***			0.164	0.164			-1.960	-1.939			-0.157	-0.158			2.620	2.288			9.727	9.794			-1.333**	-1.361**			-1.552***	-1.589***			0.171	0.171
			(3.900)	(3.900)			(0.763)	(0.763)			(6.467)	(6.467)			(5.423)	(5.423)			(0.442)	(0.442)			(0.309)	(0.309)			(0.153)	(0.153)			(2.668)	(2.651)			(1.099)	(1.100)			(9.942)	(9.444)			(6.915)	(6.891)			(0.591)	(0.651)			(0.441)	(0.422)			(0.201)	(0.201)
_inc2			-4.407***	-4.407***			-0.242	-0.242			-9.608***	-9.608***			-4.561**	-4.561**			-0.194	-0.194			0.255	0.255			-0.0566*	-0.0566*			-2.299*	-2.327**			-0.484	-0.482			-10.77***	-10.35***			-2.899	-2.988			-0.545**	-0.516**			0.233	0.272			-0.0113	-0.0112
			(1.067)	(1.067)			(0.302)	(0.302)			(2.785)	(2.785)			(1.924)	(1.924)			(0.224)	(0.224)			(0.217)	(0.217)			(0.0297)	(0.0297)			(1.179)	(1.178)			(0.337)	(0.338)			(3.295)	(3.275)			(1.985)	(1.992)			(0.254)	(0.254)			(0.221)	(0.219)			(0.0394)	(0.0393)
_inc3			-2.567***	-2.567***			0.00458	0.00458			-7.165***	-7.165***			-4.283**	-4.283**			-0.330	-0.330			0.107	0.107			-0.0509*	-0.0509*			-2.316**	-2.332**			-0.497*	-0.496*			-9.755***	-9.457***			-3.058*	-3.124*			-0.220	-0.200			0.0994	0.127			-0.0702**	-0.0702**
			(0.938)	(0.938)			(0.264)	(0.264)			(2.514)	(2.514)			(1.709)	(1.709)			(0.205)	(0.205)			(0.186)	(0.186)			(0.0273)	(0.0273)			(1.047)	(1.046)			(0.279)	(0.279)			(2.948)	(2.927)			(1.602)	(1.596)			(0.233)	(0.234)			(0.193)	(0.193)			(0.0336)	(0.0336)
_inc4			-0.739	-0.739			-0.273	-0.273			-2.992	-2.992			-1.149	-1.149			0.0589	0.0589			0.00761	0.00761			-0.0104	-0.0104			-1.183	-1.183			-0.361	-0.362			-2.792	-2.885			-0.782	-0.763			-0.0355	-0.0418			0.0817	0.0732			-0.0429	-0.0429
			(0.818)	(0.818)			(0.203)	(0.203)			(2.044)	(2.044)			(1.291)	(1.291)			(0.185)	(0.185)			(0.161)	(0.161)			(0.0284)	(0.0284)			(0.992)	(0.994)			(0.267)	(0.267)			(2.939)	(2.908)			(1.562)	(1.567)			(0.218)	(0.218)			(0.186)	(0.186)			(0.0372)	(0.0372)
_inc6			0.861	0.861			-0.0480	-0.0480			-0.727	-0.727			-1.563	-1.563			0.104	0.104			0.000694	0.000694			0.0241	0.0241			-0.0112	-0.0209			0.435	0.435			4.148*	4.254*			2.578	2.558			0.00550	0.0138			-0.00204	0.00905			0.000736	0.000760
			(0.666)	(0.666)			(0.188)	(0.188)			(1.925)	(1.925)			(1.361)	(1.361)			(0.180)	(0.180)			(0.154)	(0.154)			(0.0259)	(0.0259)			(0.955)	(0.956)			(0.264)	(0.264)			(2.473)	(2.470)			(1.633)	(1.633)			(0.236)	(0.235)			(0.188)	(0.188)			(0.0407)	(0.0408)
height		0.0605	-1.348	-1.348		0.754	0.549	0.549		5.730	2.143	2.143		-3.217	-5.060	-5.060		1.085	0.990	0.990		1.101	1.185	1.185		-0.00351	-0.0226	-0.0226		-0.352	-1.551	-1.526		0.0357	-0.145	-0.145		4.115	0.257	0.0798		7.887	6.568	6.600		0.511	0.406	0.388		0.263	0.295	0.271		-0.127	-0.144	-0.144
		(3.526)	(3.425)	(3.425)		(1.076)	(1.049)	(1.049)		(9.548)	(9.243)	(9.243)		(6.358)	(6.204)	(6.204)		(0.847)	(0.836)	(0.836)		(0.743)	(0.742)	(0.742)		(0.113)	(0.110)	(0.110)		(3.962)	(3.948)	(3.950)		(1.306)	(1.275)	(1.276)		(12.56)	(12.34)	(12.26)		(7.277)	(7.163)	(7.157)		(0.979)	(0.977)	(0.977)		(0.849)	(0.846)	(0.848)		(0.150)	(0.148)	(0.148)
daily_cig_before_preg		-0.0158	0.0398	0.0398		-0.0135	-0.000652	-0.000652		-0.231**	-0.0452	-0.0452		-0.109	-0.00772	-0.00772		0.00376	0.00535	0.00535		0.0131	0.00935	0.00935		8.93e-05	0.00128	0.00128		-0.0772	-0.0361	-0.0340		-0.0277*	-0.0145	-0.0146		-0.410***	-0.230*	-0.261*		-0.236***	-0.156*	-0.150*		-0.000223	0.00462	0.00244		0.00829	0.00792	0.00501		0.000344	0.00108	0.00107
		(0.0398)	(0.0396)	(0.0396)		(0.0118)	(0.0121)	(0.0121)		(0.113)	(0.115)	(0.115)		(0.0755)	(0.0770)	(0.0770)		(0.00930)	(0.00954)	(0.00954)		(0.00881)	(0.00910)	(0.00910)		(0.00129)	(0.00128)	(0.00128)		(0.0489)	(0.0490)	(0.0497)		(0.0145)	(0.0147)	(0.0147)		(0.130)	(0.133)	(0.134)		(0.0805)	(0.0829)	(0.0831)		(0.0109)	(0.0110)	(0.0110)		(0.00986)	(0.0102)	(0.0102)		(0.00164)	(0.00167)	(0.00167)
weekly_alcohol_b_preg		-0.0809**	-0.0656*	-0.0656*		-0.0124	-0.00852	-0.00852		-0.0411	0.0196	0.0196		-0.0631	-0.0308	-0.0308		-0.00264	-0.00228	-0.00228		0.00489	0.00303	0.00303		-0.00262***	-0.00226**	-0.00226**		-0.0362	-0.0341	-0.0346		-0.0191*	-0.0199*	-0.0199*		-0.225*	-0.226*	-0.216*		-0.0423	-0.0342	-0.0360		-0.00434	-0.00336	-0.00266		0.00309	0.00379	0.00472		-0.000953	-0.000877	-0.000876
		(0.0349)	(0.0357)	(0.0357)		(0.0113)	(0.0111)	(0.0111)		(0.0998)	(0.101)	(0.101)		(0.0720)	(0.0704)	(0.0704)		(0.00765)	(0.00771)	(0.00771)		(0.00828)	(0.00850)	(0.00850)		(0.000970)	(0.000980)	(0.000980)		(0.0386)	(0.0393)	(0.0392)		(0.0109)	(0.0111)	(0.0112)		(0.124)	(0.124)	(0.123)		(0.0668)	(0.0654)	(0.0653)		(0.0102)	(0.00981)	(0.00970)		(0.0104)	(0.0106)	(0.0102)		(0.00149)	(0.00152)	(0.00152)
complications_during_preg		0.612	0.530	0.530		-0.0987	-0.100	-0.100		-0.180	-0.327	-0.327		-0.456	-0.514	-0.514		-0.202	-0.210*	-0.210*		0.0765	0.0913	0.0913		0.0152	0.0162	0.0162		0.154	-0.0681	-0.0665		0.0120	0.0139	0.0137		-3.295*	-3.513*	-3.544*		0.0759	-0.268	-0.260		0.0374	0.0391	0.0373		0.0948	0.110	0.107		0.00981	0.00891	0.00890
		(0.557)	(0.539)	(0.539)		(0.153)	(0.150)	(0.150)		(1.545)	(1.510)	(1.510)		(0.954)	(0.948)	(0.948)		(0.124)	(0.123)	(0.123)		(0.112)	(0.111)	(0.111)		(0.0182)	(0.0182)	(0.0182)		(0.640)	(0.623)	(0.624)		(0.184)	(0.183)	(0.183)		(1.903)	(1.889)	(1.883)		(1.071)	(1.056)	(1.056)		(0.145)	(0.144)	(0.145)		(0.130)	(0.131)	(0.131)		(0.0229)	(0.0228)	(0.0228)
miss_height		-6.377	-7.888	-7.888		-0.250	-0.0697	-0.0697		-16.06	-18.21	-18.21		-12.63	-13.63	-13.63		1.646	1.535	1.535		1.772	1.905	1.905		-0.0708	-0.121	-0.121		-4.015	-5.419	-5.389		-0.00994	-0.184	-0.184		-0.308	-5.437	-5.449		13.98	12.36	12.36		0.116	0.0216	0.00295		0.153	0.297	0.272		-0.223	-0.249	-0.249
		(6.288)	(6.119)	(6.119)		(1.842)	(1.806)	(1.806)		(17.19)	(16.81)	(16.81)		(11.28)	(11.07)	(11.07)		(1.439)	(1.411)	(1.411)		(1.311)	(1.302)	(1.302)		(0.192)	(0.190)	(0.190)		(6.933)	(6.882)	(6.879)		(2.180)	(2.125)	(2.126)		(21.53)	(21.15)	(21.05)		(12.22)	(12.06)	(12.05)		(1.638)	(1.635)	(1.631)		(1.469)	(1.463)	(1.462)		(0.259)	(0.257)	(0.257)
miss_daily_cig_before_preg		-5.371***	-6.936***	-6.936***		-0.917	-1.200	-1.200		20.34***	15.31***	15.31***		-10.71***	-13.00***	-13.00***		-2.617***	-2.851***	-2.851***		-2.964***	-2.861***	-2.861***		-0.180**	-0.214***	-0.214***		0.204	1.098	1.147		-0.609	-0.262	-0.265		-2.813	0.534	-0.189		-18.68**	-17.44**	-17.29**		1.091	1.035	0.992		0.296	0.222	0.164		0.0938	0.0931	0.0930
		(1.929)	(1.963)	(1.963)		(0.958)	(0.831)	(0.831)		(5.372)	(5.237)	(5.237)		(3.671)	(3.429)	(3.429)		(0.430)	(0.431)	(0.431)		(0.397)	(0.407)	(0.407)		(0.0782)	(0.0764)	(0.0764)		(4.610)	(4.464)	(4.588)		(1.035)	(1.168)	(1.165)		(9.220)	(9.294)	(7.879)		(8.291)	(8.455)	(8.464)		(0.732)	(0.849)	(0.824)		(0.672)	(0.624)	(0.587)		(0.0600)	(0.0720)	(0.0721)
miss_weekly_alcohol_b_preg		-0.500	3.691	3.691		-0.290	0.0400	0.0400		-37.42***	-27.15**	-27.15**		-0.696	6.102	6.102		4.235***	4.208***	4.208***		4.245***	3.724***	3.724***		0.203**	0.314***	0.314***		0	0	0		0	0	0		0	0	0		0	0	0		0	0	0		0	0	0		0	0	0
		(2.972)	(3.363)	(3.363)		(1.331)	(1.475)	(1.475)		(10.61)	(11.78)	(11.78)		(5.720)	(7.791)	(7.791)		(0.791)	(1.000)	(1.000)		(0.714)	(0.840)	(0.840)		(0.0923)	(0.105)	(0.105)		(0)	(0)	(0)		(0)	(0)	(0)		(0)	(0)	(0)		(0)	(0)	(0)		(0)	(0)	(0)		(0)	(0)	(0)		(0)	(0)	(0)
miss_complications_during_preg		0	0	0		0	0	0		0	0	0		0	0	0		0	0	0		0	0	0		0	0	0		0	0	0		0	0	0		0	0	0		0	0	0		0	0	0		0	0	0		0	0	0
		(0)	(0)	(0)		(0)	(0)	(0)		(0)	(0)	(0)		(0)	(0)	(0)		(0)	(0)	(0)		(0)	(0)	(0)		(0)	(0)	(0)		(0)	(0)	(0)		(0)	(0)	(0)		(0)	(0)	(0)		(0)	(0)	(0)		(0)	(0)	(0)		(0)	(0)	(0)		(0)	(0)	(0)
Constant	19.35	31.94	19.23	19.23	16.93	18.78	19.07	19.07	46.74	74.27	48.94	48.94	159.7	183.5*	181.7*	181.7*	2.644	-6.967	-5.577	-5.577	0.0983	-1.180	1.320	1.320	2.283	2.565	2.103	2.103	212.8*	228.6*	220.3*	222.5*	79.99**	83.06**	72.31*	72.86*	855.4**	914.6**	827.3**	826.8**	73.44	88.83	72.46	76.66	-2.875	-2.611	-2.350	-2.391	-0.796	-2.278	1.885	1.830	2.025	2.135	2.835	2.835
	(58.78)	(58.29)	(57.53)	(57.53)	(17.26)	(17.29)	(16.98)	(16.98)	(166.1)	(167.1)	(166.1)	(166.1)	(104.6)	(110.4)	(109.5)	(109.5)	(13.11)	(12.96)	(13.12)	(13.12)	(11.00)	(11.39)	(11.48)	(11.48)	(1.664)	(1.645)	(1.634)	(1.634)	(119.3)	(119.9)	(122.9)	(123.1)	(39.73)	(40.00)	(40.38)	(40.40)	(377.6)	(378.0)	(381.5)	(385.7)	(214.7)	(216.2)	(210.9)	(236.8)	(25.23)	(25.49)	(25.24)	(25.20)	(21.76)	(21.94)	(21.80)	(21.58)	(3.820)	(3.826)	(3.801)	(3.803)
																																																								
Observations	1,796	1,796	1,796	1,796	1,686	1,686	1,686	1,686	1,664	1,664	1,664	1,664	1,680	1,680	1,680	1,680	1,704	1,704	1,704	1,704	1,704	1,704	1,704	1,704	1,704	1,704	1,704	1,704	1,365	1,365	1,365	1,365	1,268	1,268	1,268	1,268	1,251	1,251	1,251	1,251	1,263	1,263	1,263	1,263	1,284	1,284	1,284	1,284	1,284	1,284	1,284	1,284	1,284	1,284	1,284	1,284
R-squared	0.121	0.131	0.172	0.172	0.112	0.119	0.150	0.150	0.120	0.136	0.173	0.173	0.122	0.128	0.161	0.161	0.047	0.053	0.065	0.065	0.059	0.066	0.075	0.075	0.045	0.049	0.070	0.070	0.150	0.158	0.186	0.186	0.142	0.149	0.183	0.183	0.185	0.201	0.241	0.245	0.146	0.159	0.186	0.186	0.059	0.063	0.079	0.083	0.091	0.094	0.102	0.111	0.040	0.041	0.059	0.059
Robust standard errors in parentheses																																																								
*** p<0.01, ** p<0.05, * p<0.1																																																								
