	(1)	(2)	(3)	(4)	(5)	(6)	(7)	(8)	(9)	(10)	(11)	(12)	(13)	(14)	(15)	(16)	(17)	(18)	(19)	(20)	(21)	(22)	(23)	(24)	(25)	(26)	(27)	(28)	(29)	(30)	(31)	(32)	(33)	(34)	(35)	(36)	(37)	(38)	(39)	(40)	(41)	(42)	(43)	(44)	(45)	(46)	(47)	(48)	(49)	(50)	(51)	(52)	(53)	(54)	(55)	(56)
VARIABLES	ZQ_Verbal_Similarities	ZQ_Verbal_Similarities	ZQ_Verbal_Similarities	ZQ_Verbal_Similarities	ZQ_Number_Skills	ZQ_Number_Skills	ZQ_Number_Skills	ZQ_Number_Skills	ZQ_Word_Reading	ZQ_Word_Reading	ZQ_Word_Reading	ZQ_Word_Reading	ZQ_Pattern_Construction	ZQ_Pattern_Construction	ZQ_Pattern_Construction	ZQ_Pattern_Construction	ZQ_Help_Reading_Freq	ZQ_Help_Reading_Freq	ZQ_Help_Reading_Freq	ZQ_Help_Reading_Freq	ZQ_Help_Writing_Freq	ZQ_Help_Writing_Freq	ZQ_Help_Writing_Freq	ZQ_Help_Writing_Freq	ZQ_Proactive_School_Selection	ZQ_Proactive_School_Selection	ZQ_Proactive_School_Selection	ZQ_Proactive_School_Selection	ZQ_Verbal_Similarities	ZQ_Verbal_Similarities	ZQ_Verbal_Similarities	ZQ_Verbal_Similarities	ZQ_Number_Skills	ZQ_Number_Skills	ZQ_Number_Skills	ZQ_Number_Skills	ZQ_Word_Reading	ZQ_Word_Reading	ZQ_Word_Reading	ZQ_Word_Reading	ZQ_Pattern_Construction	ZQ_Pattern_Construction	ZQ_Pattern_Construction	ZQ_Pattern_Construction	ZQ_Help_Reading_Freq	ZQ_Help_Reading_Freq	ZQ_Help_Reading_Freq	ZQ_Help_Reading_Freq	ZQ_Help_Writing_Freq	ZQ_Help_Writing_Freq	ZQ_Help_Writing_Freq	ZQ_Help_Writing_Freq	ZQ_Proactive_School_Selection	ZQ_Proactive_School_Selection	ZQ_Proactive_School_Selection	ZQ_Proactive_School_Selection
																																																								
fert	-0.0536*	-0.0567*	-0.0335	-0.0335	-0.0551	-0.0554	-0.0283	-0.0283	-0.122***	-0.124***	-0.0939**	-0.0939**	-0.0582	-0.0601*	-0.0298	-0.0298	-0.0136	-0.0128	-0.0161	-0.0161	-0.0364	-0.0350	-0.0371	-0.0371	-0.00666	-0.0106	-0.0158	-0.0158	-0.0860**	-0.0863**	-0.0757**	-0.0817**	0.0198	0.0153	0.0409	0.0434	-0.105**	-0.101**	-0.0684	-0.0676	-0.00474	-0.00444	0.0147	0.0181	-0.0313	-0.0315	-0.0437	-0.0461	-0.00824	-0.0114	-0.0213	-0.0260	-0.0229	-0.0315	-0.0179	-0.0207
	(0.0297)	(0.0300)	(0.0294)	(0.0294)	(0.0335)	(0.0337)	(0.0334)	(0.0334)	(0.0375)	(0.0376)	(0.0367)	(0.0367)	(0.0356)	(0.0358)	(0.0360)	(0.0360)	(0.0322)	(0.0320)	(0.0319)	(0.0319)	(0.0321)	(0.0321)	(0.0325)	(0.0325)	(0.0355)	(0.0357)	(0.0367)	(0.0367)	(0.0383)	(0.0383)	(0.0377)	(0.0372)	(0.0412)	(0.0412)	(0.0413)	(0.0414)	(0.0440)	(0.0445)	(0.0448)	(0.0447)	(0.0466)	(0.0468)	(0.0459)	(0.0459)	(0.0397)	(0.0399)	(0.0396)	(0.0398)	(0.0375)	(0.0381)	(0.0392)	(0.0392)	(0.0465)	(0.0471)	(0.0460)	(0.0465)
motherage	-2.276**	-2.276***	-2.126**	-2.126**	-1.656**	-1.645**	-1.301	-1.301	-1.155	-1.108	-0.798	-0.798	-0.240	-0.219	0.113	0.113	0.459	0.454	0.563	0.563	1.452*	1.425*	1.397*	1.397*	-1.135	-1.117	-1.221	-1.221	-2.522**	-2.451**	-2.214**	-2.089**	0.456	0.342	0.708	0.670	0.105	0.0535	0.237	0.225	0.414	0.398	0.685	0.632	-2.940***	-2.906***	-2.934***	-2.887***	-0.131	-0.143	-0.191	-0.0984	-1.882*	-1.945*	-1.933*	-1.876*
	(0.913)	(0.877)	(0.837)	(0.837)	(0.819)	(0.816)	(0.799)	(0.799)	(0.944)	(0.927)	(0.922)	(0.922)	(0.746)	(0.747)	(0.706)	(0.706)	(0.825)	(0.835)	(0.831)	(0.831)	(0.802)	(0.805)	(0.806)	(0.806)	(0.858)	(0.856)	(0.868)	(0.868)	(1.221)	(1.168)	(1.081)	(1.065)	(1.153)	(1.135)	(1.088)	(1.091)	(1.125)	(1.109)	(1.063)	(1.064)	(1.047)	(1.053)	(1.013)	(1.018)	(0.965)	(0.971)	(0.977)	(0.973)	(0.959)	(0.964)	(0.956)	(0.947)	(1.065)	(1.066)	(1.076)	(1.072)
motheragesq	0.0694**	0.0691**	0.0644**	0.0644**	0.0608**	0.0605**	0.0490*	0.0490*	0.0390	0.0369	0.0263	0.0263	0.00534	0.00421	-0.00739	-0.00739	-0.0104	-0.0100	-0.0145	-0.0145	-0.0479*	-0.0470*	-0.0462	-0.0462	0.0267	0.0254	0.0288	0.0288	0.0821*	0.0791*	0.0697*	0.0661*	-0.0119	-0.00814	-0.0218	-0.0210	-0.00743	-0.00633	-0.0133	-0.0130	-0.0158	-0.0154	-0.0267	-0.0255	0.0990***	0.0975***	0.0989***	0.0978***	-0.00144	-0.00153	0.000861	-0.00129	0.0581	0.0603	0.0591	0.0578
	(0.0312)	(0.0300)	(0.0286)	(0.0286)	(0.0285)	(0.0284)	(0.0277)	(0.0277)	(0.0326)	(0.0321)	(0.0317)	(0.0317)	(0.0266)	(0.0267)	(0.0253)	(0.0253)	(0.0288)	(0.0291)	(0.0290)	(0.0290)	(0.0281)	(0.0282)	(0.0281)	(0.0281)	(0.0311)	(0.0310)	(0.0314)	(0.0314)	(0.0424)	(0.0406)	(0.0373)	(0.0368)	(0.0393)	(0.0385)	(0.0368)	(0.0369)	(0.0387)	(0.0382)	(0.0363)	(0.0364)	(0.0362)	(0.0364)	(0.0349)	(0.0351)	(0.0333)	(0.0334)	(0.0336)	(0.0334)	(0.0328)	(0.0330)	(0.0327)	(0.0324)	(0.0371)	(0.0372)	(0.0375)	(0.0373)
motheragecub	-0.000686**	-0.000679**	-0.000627**	-0.000627**	-0.000674**	-0.000672**	-0.000541*	-0.000541*	-0.000404	-0.000377	-0.000254	-0.000254	-2.22e-05	-6.33e-06	0.000130	0.000130	4.63e-05	4.03e-05	9.70e-05	9.70e-05	0.000505	0.000495	0.000488	0.000488	-0.000198	-0.000178	-0.000215	-0.000215	-0.000853*	-0.000815*	-0.000698*	-0.000663	0.000110	7.24e-05	0.000234	0.000228	0.000126	0.000119	0.000205	0.000203	0.000206	0.000204	0.000343	0.000334	-0.00108***	-0.00106***	-0.00107***	-0.00107***	9.54e-05	9.93e-05	6.55e-05	8.27e-05	-0.000586	-0.000609	-0.000589	-0.000579
	(0.000340)	(0.000328)	(0.000312)	(0.000312)	(0.000315)	(0.000315)	(0.000306)	(0.000306)	(0.000359)	(0.000354)	(0.000348)	(0.000348)	(0.000298)	(0.000299)	(0.000284)	(0.000284)	(0.000320)	(0.000323)	(0.000321)	(0.000321)	(0.000313)	(0.000313)	(0.000312)	(0.000312)	(0.000353)	(0.000351)	(0.000355)	(0.000355)	(0.000467)	(0.000447)	(0.000411)	(0.000406)	(0.000430)	(0.000420)	(0.000400)	(0.000401)	(0.000426)	(0.000420)	(0.000399)	(0.000399)	(0.000399)	(0.000401)	(0.000384)	(0.000386)	(0.000366)	(0.000368)	(0.000369)	(0.000367)	(0.000359)	(0.000360)	(0.000358)	(0.000355)	(0.000408)	(0.000409)	(0.000412)	(0.000411)
agefirstbirth	0.0291***	0.0269***	0.0162***	0.0162***	0.0227***	0.0191***	0.00464	0.00464	0.0330***	0.0284***	0.0138*	0.0138*	0.0268***	0.0256***	0.0117*	0.0117*	-0.00313	-0.00501	-0.00698	-0.00698	-0.00673	-0.00726	-0.00607	-0.00607	0.000593	0.00144	-0.000746	-0.000746	0.0375***	0.0347***	0.0140*	0.0108	0.0331***	0.0307***	0.0139*	0.0160*	0.0482***	0.0415***	0.0227***	0.0234***	0.0320***	0.0298***	0.0136*	0.0165**	-0.0104	-0.0103	-0.0111	-0.0133*	-0.0122*	-0.0108	-0.00916	-0.0135*	0.00405	0.00783	0.00324	0.000581
	(0.00540)	(0.00582)	(0.00598)	(0.00598)	(0.00604)	(0.00636)	(0.00648)	(0.00648)	(0.00681)	(0.00723)	(0.00744)	(0.00744)	(0.00623)	(0.00653)	(0.00638)	(0.00638)	(0.00596)	(0.00624)	(0.00644)	(0.00644)	(0.00580)	(0.00604)	(0.00628)	(0.00628)	(0.00683)	(0.00697)	(0.00737)	(0.00737)	(0.00729)	(0.00782)	(0.00793)	(0.00805)	(0.00744)	(0.00793)	(0.00815)	(0.00825)	(0.00798)	(0.00835)	(0.00870)	(0.00886)	(0.00804)	(0.00849)	(0.00804)	(0.00820)	(0.00743)	(0.00772)	(0.00799)	(0.00797)	(0.00728)	(0.00753)	(0.00781)	(0.00782)	(0.00827)	(0.00830)	(0.00860)	(0.00856)
miss_motherage	-24.04***	-24.13***	-22.10***	-22.10***	-14.24*	-14.28*	-10.15	-10.15	-11.30	-11.17	-7.438	-7.438	-2.402	-2.304	1.511	1.511	5.043	4.922	5.794	5.794	14.36*	14.05*	13.64*	13.64*	-14.45*	-14.42*	-15.39**	-15.39**	-24.17**	-23.74**	-21.51**	-19.98*	5.416	4.434	7.991	7.367	-0.329	-1.363	0.589	0.391	5.334	5.235	7.894	7.047	-28.19***	-28.07***	-28.03***	-27.30***	-0.553	-0.953	-1.214	0.206	-20.32**	-20.66**	-20.55**	-19.68**
	(8.829)	(8.476)	(8.090)	(8.090)	(7.807)	(7.766)	(7.640)	(7.640)	(9.042)	(8.843)	(8.847)	(8.847)	(6.833)	(6.841)	(6.458)	(6.458)	(7.774)	(7.898)	(7.867)	(7.867)	(7.583)	(7.623)	(7.652)	(7.652)	(7.653)	(7.659)	(7.800)	(7.800)	(11.49)	(11.04)	(10.36)	(10.20)	(11.19)	(11.09)	(10.64)	(10.66)	(10.79)	(10.66)	(10.32)	(10.32)	(10.00)	(10.08)	(9.787)	(9.825)	(9.246)	(9.325)	(9.441)	(9.407)	(9.289)	(9.366)	(9.268)	(9.189)	(9.916)	(9.866)	(9.999)	(9.957)
miss_agefirstbirth	0.790***	0.739***	0.400**	0.400**	0.712***	0.610***	0.147	0.147	1.014***	0.883***	0.422*	0.422*	0.724***	0.693***	0.241	0.241	-0.0915	-0.151	-0.195	-0.195	-0.163	-0.184	-0.146	-0.146	-0.00622	0.0119	-0.0552	-0.0552	0.983***	0.927***	0.326	0.183	0.853***	0.800***	0.265	0.360	1.385***	1.232***	0.660***	0.689***	0.787***	0.748***	0.258	0.388*	-0.247	-0.252	-0.271	-0.372*	-0.285	-0.271	-0.222	-0.419**	0.118	0.192	0.0555	-0.0645
	(0.159)	(0.171)	(0.177)	(0.177)	(0.177)	(0.186)	(0.190)	(0.190)	(0.203)	(0.216)	(0.224)	(0.224)	(0.181)	(0.188)	(0.185)	(0.185)	(0.171)	(0.180)	(0.188)	(0.188)	(0.169)	(0.175)	(0.183)	(0.183)	(0.196)	(0.201)	(0.213)	(0.213)	(0.193)	(0.206)	(0.212)	(0.223)	(0.201)	(0.211)	(0.221)	(0.230)	(0.214)	(0.224)	(0.241)	(0.252)	(0.212)	(0.220)	(0.214)	(0.225)	(0.194)	(0.201)	(0.212)	(0.216)	(0.189)	(0.194)	(0.206)	(0.211)	(0.219)	(0.218)	(0.226)	(0.229)
_mother_edu1			-0.490***	-0.490***			-0.706***	-0.706***			-0.651***	-0.651***			-0.859***	-0.859***			0.204	0.204			0.105	0.105			-0.0201	-0.0201			-0.515***	-0.510***			-0.453**	-0.453**			-0.224	-0.224			-0.812***	-0.812***			0.190	0.188			0.111	0.107			-0.198	-0.201
			(0.137)	(0.137)			(0.163)	(0.163)			(0.167)	(0.167)			(0.168)	(0.168)			(0.154)	(0.154)			(0.151)	(0.151)			(0.146)	(0.146)			(0.160)	(0.158)			(0.190)	(0.190)			(0.209)	(0.209)			(0.190)	(0.192)			(0.183)	(0.184)			(0.167)	(0.166)			(0.200)	(0.201)
_mother_edu2			-0.558***	-0.558***			-0.611***	-0.611***			-0.582***	-0.582***			-0.595***	-0.595***			0.250	0.250			0.140	0.140			0.192	0.192			-0.377**	-0.372**			-0.288	-0.290			-0.252	-0.253			-0.403**	-0.408**			0.0458	0.0475			0.117	0.120			0.0290	0.0310
			(0.129)	(0.129)			(0.166)	(0.166)			(0.169)	(0.169)			(0.169)	(0.169)			(0.160)	(0.160)			(0.150)	(0.150)			(0.178)	(0.178)			(0.158)	(0.157)			(0.199)	(0.200)			(0.210)	(0.209)			(0.196)	(0.198)			(0.187)	(0.187)			(0.168)	(0.167)			(0.221)	(0.223)
_mother_edu3			-0.251**	-0.251**			-0.263*	-0.263*			-0.297**	-0.297**			-0.337**	-0.337**			0.125	0.125			0.0172	0.0172			0.0118	0.0118			-0.117	-0.116			0.0798	0.0816			0.0117	0.0118			-0.262	-0.260			0.0205	0.0175			0.0337	0.0280			-0.0730	-0.0765
			(0.104)	(0.104)			(0.138)	(0.138)			(0.135)	(0.135)			(0.137)	(0.137)			(0.134)	(0.134)			(0.126)	(0.126)			(0.130)	(0.130)			(0.133)	(0.132)			(0.170)	(0.171)			(0.187)	(0.186)			(0.172)	(0.174)			(0.167)	(0.168)			(0.149)	(0.149)			(0.191)	(0.193)
_mother_edu4			-0.123	-0.123			-0.390***	-0.390***			-0.299**	-0.299**			-0.351**	-0.351**			0.197	0.197			0.0742	0.0742			0.235	0.235			-0.00104	0.00155			-0.0406	-0.0428			-0.0303	-0.0315			-0.298*	-0.302*			0.276	0.277			0.0943	0.0965			0.101	0.102
			(0.107)	(0.107)			(0.141)	(0.141)			(0.138)	(0.138)			(0.142)	(0.142)			(0.137)	(0.137)			(0.129)	(0.129)			(0.147)	(0.147)			(0.135)	(0.133)			(0.175)	(0.175)			(0.185)	(0.185)			(0.180)	(0.182)			(0.171)	(0.172)			(0.154)	(0.154)			(0.203)	(0.204)
_mother_edu5			-0.0882	-0.0882			-0.1000	-0.1000			-0.0741	-0.0741			-0.238*	-0.238*			0.282**	0.282**			0.0176	0.0176			0.149	0.149			0.142	0.140			0.147	0.153			0.236	0.237			-0.0833	-0.0764			0.228	0.220			0.0705	0.0563			-0.0663	-0.0750
			(0.0921)	(0.0921)			(0.128)	(0.128)			(0.127)	(0.127)			(0.128)	(0.128)			(0.125)	(0.125)			(0.116)	(0.116)			(0.122)	(0.122)			(0.124)	(0.123)			(0.159)	(0.159)			(0.172)	(0.172)			(0.161)	(0.163)			(0.153)	(0.154)			(0.135)	(0.135)			(0.175)	(0.177)
_mother_edu7			-0.376*	-0.376*			-0.324*	-0.324*			-0.615***	-0.615***			-0.633***	-0.633***			0.353*	0.353*			0.166	0.166			0.281	0.281			-0.455**	-0.433**			-0.172	-0.179			-0.416*	-0.419*			-0.612**	-0.623***			0.395*	0.403*			0.278	0.293			-0.275	-0.266
			(0.192)	(0.192)			(0.189)	(0.189)			(0.223)	(0.223)			(0.202)	(0.202)			(0.199)	(0.199)			(0.194)	(0.194)			(0.253)	(0.253)			(0.190)	(0.191)			(0.223)	(0.223)			(0.231)	(0.230)			(0.239)	(0.240)			(0.209)	(0.210)			(0.213)	(0.212)			(0.223)	(0.225)
_inc1			0.106	0.106			0.00877	0.00877			-0.373	-0.373			0.0555	0.0555			0.179	0.179			0.235	0.235			0.125	0.125			0.0854	0.102			0.130	0.113			-0.0453	-0.0505			0.0212	-0.000588			-0.0419	-0.0249			-0.145	-0.112			-0.410**	-0.390**
			(0.315)	(0.315)			(0.437)	(0.437)			(0.323)	(0.323)			(0.536)	(0.536)			(0.384)	(0.384)			(0.427)	(0.427)			(0.505)	(0.505)			(0.300)	(0.299)			(0.371)	(0.374)			(0.407)	(0.408)			(0.374)	(0.379)			(0.329)	(0.333)			(0.324)	(0.327)			(0.177)	(0.180)
_inc2			-0.118	-0.118			-0.188**	-0.188**			-0.223**	-0.223**			-0.233**	-0.233**			-0.158*	-0.158*			-0.103	-0.103			0.0969	0.0969			-0.286***	-0.300***			-0.226**	-0.216*			-0.340***	-0.337***			-0.0811	-0.0664			0.0511	0.0393			0.116	0.0928			-0.136	-0.150
			(0.0906)	(0.0906)			(0.0931)	(0.0931)			(0.101)	(0.101)			(0.0928)	(0.0928)			(0.0934)	(0.0934)			(0.0905)	(0.0905)			(0.113)	(0.113)			(0.102)	(0.103)			(0.114)	(0.114)			(0.118)	(0.118)			(0.115)	(0.115)			(0.111)	(0.111)			(0.101)	(0.101)			(0.128)	(0.128)
_inc3			-0.145*	-0.145*			-0.167*	-0.167*			-0.178**	-0.178**			-0.231**	-0.231**			-0.0638	-0.0638			-0.0902	-0.0902			0.0288	0.0288			-0.320***	-0.332***			-0.188*	-0.179			-0.271**	-0.269**			-0.157	-0.145			0.0715	0.0621			0.0130	-0.00540			-0.146	-0.157
			(0.0835)	(0.0835)			(0.0875)	(0.0875)			(0.0901)	(0.0901)			(0.0925)	(0.0925)			(0.0912)	(0.0912)			(0.0868)	(0.0868)			(0.0987)	(0.0987)			(0.0951)	(0.0956)			(0.109)	(0.109)			(0.107)	(0.107)			(0.112)	(0.111)			(0.108)	(0.107)			(0.0946)	(0.0933)			(0.111)	(0.111)
_inc4			0.00884	0.00884			-0.0283	-0.0283			0.0307	0.0307			-0.0410	-0.0410			0.0215	0.0215			-0.128*	-0.128*			-0.0266	-0.0266			-0.202**	-0.205**			-0.150	-0.149			-0.111	-0.110			-0.0615	-0.0599			0.161	0.160			-0.0320	-0.0344			-0.0936	-0.0951
			(0.0747)	(0.0747)			(0.0739)	(0.0739)			(0.0762)	(0.0762)			(0.0761)	(0.0761)			(0.0796)	(0.0796)			(0.0741)	(0.0741)			(0.0865)	(0.0865)			(0.0901)	(0.0904)			(0.101)	(0.101)			(0.0986)	(0.0986)			(0.102)	(0.101)			(0.104)	(0.103)			(0.0924)	(0.0908)			(0.115)	(0.115)
_inc6			0.208***	0.208***			0.225***	0.225***			0.159**	0.159**			0.0867	0.0867			-0.200**	-0.200**			-0.160**	-0.160**			0.0374	0.0374			0.129	0.124			0.267***	0.270***			0.239**	0.240**			0.0682	0.0720			-0.115	-0.119			0.0200	0.0132			-0.0682	-0.0724
			(0.0671)	(0.0671)			(0.0721)	(0.0721)			(0.0728)	(0.0728)			(0.0760)	(0.0760)			(0.0781)	(0.0781)			(0.0715)	(0.0715)			(0.0877)	(0.0877)			(0.0919)	(0.0916)			(0.0949)	(0.0948)			(0.102)	(0.102)			(0.109)	(0.109)			(0.108)	(0.108)			(0.0998)	(0.0993)			(0.121)	(0.120)
height		0.736**	0.488	0.488		0.280	-0.0388	-0.0388		1.010**	0.694*	0.694*		0.661*	0.368	0.368		-0.505	-0.460	-0.460		-0.315	-0.259	-0.259		0.411	0.401	0.401		1.203***	0.716*	0.746*		0.215	-0.159	-0.184		1.118**	0.738	0.731		0.456	0.114	0.0821		0.635	0.648	0.675		0.548	0.604	0.657		-0.282	-0.366	-0.334
		(0.370)	(0.358)	(0.358)		(0.363)	(0.351)	(0.351)		(0.392)	(0.383)	(0.383)		(0.391)	(0.380)	(0.380)		(0.371)	(0.372)	(0.372)		(0.361)	(0.361)	(0.361)		(0.391)	(0.393)	(0.393)		(0.465)	(0.421)	(0.420)		(0.461)	(0.453)	(0.452)		(0.468)	(0.467)	(0.467)		(0.473)	(0.455)	(0.455)		(0.445)	(0.443)	(0.443)		(0.432)	(0.425)	(0.423)		(0.416)	(0.418)	(0.420)
daily_cig_before_preg		-0.00147	0.00456	0.00456		-0.00617*	0.000954	0.000954		-0.00615	0.00128	0.00128		0.000376	0.00706**	0.00706**		-0.00674**	-0.00674*	-0.00674*		-0.00376	-0.00492	-0.00492		0.00335	0.00259	0.00259		-0.00260	0.00644	0.00552		-0.00292	0.00472	0.00537		-0.0100**	-0.00120	-0.000999		-0.00154	0.00483	0.00570		0.00134	0.00107	0.000359		0.00243	0.000919	-0.000463		0.00631	0.00802*	0.00717
		(0.00336)	(0.00344)	(0.00344)		(0.00339)	(0.00328)	(0.00328)		(0.00383)	(0.00378)	(0.00378)		(0.00337)	(0.00343)	(0.00343)		(0.00343)	(0.00353)	(0.00353)		(0.00354)	(0.00371)	(0.00371)		(0.00397)	(0.00423)	(0.00423)		(0.00409)	(0.00407)	(0.00412)		(0.00436)	(0.00430)	(0.00433)		(0.00443)	(0.00448)	(0.00450)		(0.00424)	(0.00431)	(0.00435)		(0.00391)	(0.00404)	(0.00405)		(0.00384)	(0.00397)	(0.00398)		(0.00448)	(0.00467)	(0.00461)
weekly_alcohol_b_preg		-0.000667	-0.000870	-0.000870		0.00276	0.00286	0.00286		0.000543	0.000778	0.000778		-0.00176	-0.00108	-0.00108		-0.00586	-0.00530	-0.00530		-0.00226	-0.00217	-0.00217		-0.00424	-0.00388	-0.00388		0.00442	0.00468	0.00484*		0.00360	0.00275	0.00267		-0.000103	-0.00117	-0.00119		0.00246	0.00179	0.00170		-0.00469*	-0.00410	-0.00399		-0.00254	-0.00279	-0.00258		-0.000331	-8.85e-05	4.00e-05
		(0.00373)	(0.00360)	(0.00360)		(0.00333)	(0.00333)	(0.00333)		(0.00378)	(0.00374)	(0.00374)		(0.00518)	(0.00493)	(0.00493)		(0.00393)	(0.00399)	(0.00399)		(0.00378)	(0.00379)	(0.00379)		(0.00334)	(0.00330)	(0.00330)		(0.00290)	(0.00286)	(0.00292)		(0.00329)	(0.00339)	(0.00342)		(0.00338)	(0.00340)	(0.00341)		(0.00479)	(0.00449)	(0.00448)		(0.00283)	(0.00285)	(0.00287)		(0.00290)	(0.00291)	(0.00298)		(0.00459)	(0.00451)	(0.00453)
complications_during_preg		-0.0728	-0.0724	-0.0724		-0.0490	-0.0502	-0.0502		0.00653	-0.000251	-0.000251		-0.0321	-0.0384	-0.0384		0.110**	0.0969*	0.0969*		0.137***	0.135***	0.135***		0.0600	0.0594	0.0594		-0.0150	-0.0193	-0.0170		-0.0419	-0.0436	-0.0438		-0.0325	-0.0305	-0.0307		-0.101	-0.121*	-0.122*		0.0502	0.0424	0.0428		0.113*	0.114*	0.115**		0.0797	0.0677	0.0682
		(0.0507)	(0.0497)	(0.0497)		(0.0514)	(0.0500)	(0.0500)		(0.0530)	(0.0519)	(0.0519)		(0.0523)	(0.0511)	(0.0511)		(0.0514)	(0.0515)	(0.0515)		(0.0500)	(0.0501)	(0.0501)		(0.0577)	(0.0583)	(0.0583)		(0.0629)	(0.0609)	(0.0611)		(0.0626)	(0.0613)	(0.0612)		(0.0632)	(0.0625)	(0.0625)		(0.0653)	(0.0638)	(0.0637)		(0.0609)	(0.0613)	(0.0612)		(0.0584)	(0.0588)	(0.0581)		(0.0626)	(0.0621)	(0.0621)
miss_height		1.042	0.654	0.654		0.543	0.0591	0.0591		1.941***	1.474**	1.474**		0.941	0.512	0.512		-0.916	-0.853	-0.853		-0.447	-0.375	-0.375		0.478	0.492	0.492		1.514*	0.861	0.933		0.0255	-0.487	-0.542		1.657**	1.113	1.097		0.559	0.174	0.101		1.159	1.142	1.203		1.066	1.149	1.267*		-0.482	-0.492	-0.420
		(0.637)	(0.618)	(0.618)		(0.653)	(0.635)	(0.635)		(0.687)	(0.674)	(0.674)		(0.699)	(0.667)	(0.667)		(0.642)	(0.641)	(0.641)		(0.630)	(0.635)	(0.635)		(0.664)	(0.665)	(0.665)		(0.795)	(0.731)	(0.729)		(0.789)	(0.774)	(0.774)		(0.800)	(0.794)	(0.796)		(0.802)	(0.762)	(0.765)		(0.755)	(0.756)	(0.756)		(0.734)	(0.730)	(0.727)		(0.710)	(0.711)	(0.717)
miss_daily_cig_before_preg		-0.797***	-0.857***	-0.857***		-0.436***	-0.688***	-0.688***		0.156	0.0135	0.0135		-0.113	-0.296*	-0.296*		0.701***	0.889***	0.889***		1.039***	1.118***	1.118***		-0.561***	-0.498**	-0.498**		-0.00768	0.0727	0.0766		1.113***	1.069**	1.070**		0.178	0.202	0.202		0.486	0.475	0.476		-0.171	-0.244	-0.247		0.0307	-0.0475	-0.0526		0.756***	0.763***	0.759***
		(0.179)	(0.150)	(0.150)		(0.161)	(0.169)	(0.169)		(0.178)	(0.185)	(0.185)		(0.168)	(0.173)	(0.173)		(0.160)	(0.176)	(0.176)		(0.151)	(0.167)	(0.167)		(0.179)	(0.196)	(0.196)		(0.263)	(0.286)	(0.315)		(0.407)	(0.476)	(0.488)		(0.407)	(0.349)	(0.352)		(0.466)	(0.490)	(0.503)		(0.607)	(0.626)	(0.652)		(0.519)	(0.518)	(0.569)		(0.237)	(0.256)	(0.249)
miss_weekly_alcohol_b_preg		0.344	0.380	0.380		0.331	0.507	0.507		-0.453	-0.420	-0.420		-0.0622	0.0623	0.0623		-0.393	-0.471	-0.471		-1.057**	-1.037**	-1.037**		1.014***	1.010***	1.010***		0	0	0		0	0	0		0	0	0		0	0	0		0	0	0		0	0	0		0	0	0
		(0.426)	(0.376)	(0.376)		(0.536)	(0.519)	(0.519)		(0.481)	(0.414)	(0.414)		(0.506)	(0.468)	(0.468)		(0.439)	(0.477)	(0.477)		(0.428)	(0.474)	(0.474)		(0.325)	(0.354)	(0.354)		(0)	(0)	(0)		(0)	(0)	(0)		(0)	(0)	(0)		(0)	(0)	(0)		(0)	(0)	(0)		(0)	(0)	(0)		(0)	(0)	(0)
miss_complications_during_preg		0	0	0		0	0	0		0	0	0		0	0	0		0	0	0		0	0	0		0	0	0		0	0	0		0	0	0		0	0	0		0	0	0		0	0	0		0	0	0		0	0	0
		(0)	(0)	(0)		(0)	(0)	(0)		(0)	(0)	(0)		(0)	(0)	(0)		(0)	(0)	(0)		(0)	(0)	(0)		(0)	(0)	(0)		(0)	(0)	(0)		(0)	(0)	(0)		(0)	(0)	(0)		(0)	(0)	(0)		(0)	(0)	(0)		(0)	(0)	(0)		(0)	(0)	(0)
Constant	22.55***	21.60***	21.03***	21.03***	14.70*	14.26*	12.02	12.02	9.725	8.048	6.795	6.795	3.363	2.294	0.935	0.935	-5.172	-4.343	-5.057	-5.057	-13.42**	-12.70*	-12.47*	-12.47*	10.70	10.01	10.95	10.95	21.26**	18.94*	19.13**	17.98**	-4.750	-3.706	-5.401	-4.708	-0.0991	-0.973	-0.688	-0.521	-4.647	-5.304	-5.663	-4.791	25.67***	24.69***	24.65***	24.19***	1.567	1.098	1.076	0.183	16.51*	17.45*	18.00*	17.46*
	(7.939)	(7.489)	(7.190)	(7.190)	(7.614)	(7.608)	(7.498)	(7.498)	(8.239)	(8.080)	(8.062)	(8.062)	(6.291)	(6.335)	(5.985)	(5.985)	(7.033)	(7.158)	(7.120)	(7.120)	(6.831)	(6.874)	(6.885)	(6.885)	(7.120)	(7.097)	(7.207)	(7.207)	(10.44)	(9.774)	(9.211)	(9.079)	(10.03)	(9.944)	(9.560)	(9.592)	(9.679)	(9.519)	(9.232)	(9.241)	(9.749)	(9.774)	(9.499)	(9.540)	(8.359)	(8.413)	(8.469)	(8.427)	(8.339)	(8.375)	(8.295)	(8.218)	(9.110)	(9.167)	(9.319)	(9.291)
																																																								
Observations	2,330	2,330	2,330	2,330	2,137	2,137	2,137	2,137	2,109	2,109	2,109	2,109	2,130	2,130	2,130	2,130	2,182	2,182	2,182	2,182	2,182	2,182	2,182	2,182	2,182	2,182	2,182	2,182	1,760	1,760	1,760	1,760	1,598	1,598	1,598	1,598	1,572	1,572	1,572	1,572	1,588	1,588	1,588	1,588	1,638	1,638	1,638	1,638	1,638	1,638	1,638	1,638	1,638	1,638	1,638	1,638
R-squared	0.122	0.128	0.163	0.163	0.117	0.120	0.174	0.174	0.125	0.132	0.177	0.177	0.104	0.107	0.154	0.154	0.047	0.056	0.069	0.069	0.063	0.070	0.075	0.075	0.033	0.036	0.044	0.044	0.119	0.129	0.192	0.196	0.121	0.128	0.182	0.184	0.156	0.165	0.215	0.216	0.091	0.096	0.140	0.143	0.050	0.054	0.071	0.073	0.063	0.069	0.074	0.083	0.046	0.051	0.061	0.064
Robust standard errors in parentheses																																																								
*** p<0.01, ** p<0.05, * p<0.1																																																								
