	(1)	(2)	(3)	(4)	(5)	(6)	(7)	(8)	(9)	(10)	(11)	(12)	(13)	(14)	(15)	(16)	(17)	(18)	(19)	(20)	(21)	(22)	(23)	(24)	(25)	(26)	(27)	(28)	(29)	(30)	(31)	(32)	(33)	(34)	(35)	(36)	(37)	(38)	(39)	(40)	(41)	(42)	(43)	(44)	(45)	(46)	(47)	(48)	(49)	(50)	(51)	(52)	(53)	(54)	(55)	(56)
VARIABLES	ZQ_Verbal_Similarities	ZQ_Verbal_Similarities	ZQ_Verbal_Similarities	ZQ_Verbal_Similarities	ZQ_Number_Skills	ZQ_Number_Skills	ZQ_Number_Skills	ZQ_Number_Skills	ZQ_Word_Reading	ZQ_Word_Reading	ZQ_Word_Reading	ZQ_Word_Reading	ZQ_Pattern_Construction	ZQ_Pattern_Construction	ZQ_Pattern_Construction	ZQ_Pattern_Construction	ZQ_Help_Reading_Freq	ZQ_Help_Reading_Freq	ZQ_Help_Reading_Freq	ZQ_Help_Reading_Freq	ZQ_Help_Writing_Freq	ZQ_Help_Writing_Freq	ZQ_Help_Writing_Freq	ZQ_Help_Writing_Freq	ZQ_Proactive_School_Selection	ZQ_Proactive_School_Selection	ZQ_Proactive_School_Selection	ZQ_Proactive_School_Selection	ZQ_Verbal_Similarities	ZQ_Verbal_Similarities	ZQ_Verbal_Similarities	ZQ_Verbal_Similarities	ZQ_Number_Skills	ZQ_Number_Skills	ZQ_Number_Skills	ZQ_Number_Skills	ZQ_Word_Reading	ZQ_Word_Reading	ZQ_Word_Reading	ZQ_Word_Reading	ZQ_Pattern_Construction	ZQ_Pattern_Construction	ZQ_Pattern_Construction	ZQ_Pattern_Construction	ZQ_Help_Reading_Freq	ZQ_Help_Reading_Freq	ZQ_Help_Reading_Freq	ZQ_Help_Reading_Freq	ZQ_Help_Writing_Freq	ZQ_Help_Writing_Freq	ZQ_Help_Writing_Freq	ZQ_Help_Writing_Freq	ZQ_Proactive_School_Selection	ZQ_Proactive_School_Selection	ZQ_Proactive_School_Selection	ZQ_Proactive_School_Selection
																																																								
fert	-0.0176	-0.0236	-0.0181	-0.0181	-0.0731*	-0.0769*	-0.0649	-0.0649	0.0128	0.00951	0.0211	0.0211	-0.0252	-0.0318	-0.0174	-0.0174	0.000309	0.00482	0.00623	0.00623	-0.0390	-0.0326	-0.0258	-0.0258	0.0620	0.0620	0.0563	0.0563	-0.120**	-0.121**	-0.0901	-0.0651	0.0388	0.0418	0.0799	0.0732	-0.0321	-0.0319	0.0201	0.0392	-0.00490	-0.00353	0.0104	0.00678	-0.0415	-0.0432	-0.0533	-0.0412	0.00699	0.000380	-0.0262	-0.00129	-0.108**	-0.114**	-0.0891*	-0.0687
	(0.0455)	(0.0458)	(0.0452)	(0.0452)	(0.0444)	(0.0448)	(0.0437)	(0.0437)	(0.0483)	(0.0486)	(0.0476)	(0.0476)	(0.0463)	(0.0466)	(0.0463)	(0.0463)	(0.0486)	(0.0485)	(0.0492)	(0.0492)	(0.0476)	(0.0473)	(0.0477)	(0.0477)	(0.0543)	(0.0547)	(0.0561)	(0.0561)	(0.0561)	(0.0551)	(0.0550)	(0.0551)	(0.0594)	(0.0594)	(0.0603)	(0.0605)	(0.0590)	(0.0592)	(0.0602)	(0.0610)	(0.0595)	(0.0588)	(0.0583)	(0.0596)	(0.0549)	(0.0555)	(0.0554)	(0.0561)	(0.0550)	(0.0556)	(0.0570)	(0.0572)	(0.0480)	(0.0484)	(0.0507)	(0.0529)
motherage	-2.441**	-2.475**	-2.264**	-2.264**	-3.699***	-3.727***	-3.401***	-3.401***	-0.825	-0.958	-0.708	-0.708	-1.372	-1.473	-1.236	-1.236	-0.432	-0.204	0.128	0.128	-0.740	-0.649	-0.591	-0.591	0.368	0.442	0.417	0.417	-0.255	-0.137	0.117	-0.0653	-1.525	-1.460	-1.363	-1.337	0.203	0.161	0.378	0.305	0.122	0.182	0.212	0.227	-3.381**	-3.418**	-3.012*	-3.058*	1.516	1.469	1.865	1.772	0.00507	-0.0535	-0.525	-0.602
	(1.154)	(1.161)	(1.124)	(1.124)	(1.242)	(1.241)	(1.192)	(1.192)	(1.158)	(1.149)	(1.184)	(1.184)	(1.044)	(1.041)	(1.005)	(1.005)	(1.419)	(1.425)	(1.423)	(1.423)	(1.259)	(1.248)	(1.262)	(1.262)	(1.249)	(1.248)	(1.273)	(1.273)	(1.447)	(1.476)	(1.420)	(1.382)	(1.743)	(1.743)	(1.724)	(1.729)	(1.730)	(1.756)	(1.814)	(1.803)	(1.683)	(1.691)	(1.695)	(1.699)	(1.680)	(1.685)	(1.670)	(1.678)	(1.496)	(1.519)	(1.543)	(1.538)	(1.925)	(1.933)	(1.908)	(1.899)
motheragesq	0.0720*	0.0730*	0.0665	0.0665	0.139***	0.140***	0.129***	0.129***	0.0316	0.0361	0.0277	0.0277	0.0469	0.0502	0.0422	0.0422	0.0261	0.0176	0.00426	0.00426	0.0391	0.0352	0.0325	0.0325	-0.0276	-0.0308	-0.0301	-0.0301	-0.00629	-0.0105	-0.0204	-0.0134	0.0620	0.0597	0.0562	0.0550	-0.0104	-0.00900	-0.0183	-0.0150	-0.00379	-0.00604	-0.00734	-0.00801	0.117*	0.118*	0.104*	0.106*	-0.0616	-0.0602	-0.0739	-0.0696	-0.0138	-0.0117	0.00510	0.00865
	(0.0425)	(0.0427)	(0.0413)	(0.0413)	(0.0457)	(0.0457)	(0.0438)	(0.0438)	(0.0427)	(0.0424)	(0.0437)	(0.0437)	(0.0397)	(0.0395)	(0.0384)	(0.0384)	(0.0533)	(0.0534)	(0.0536)	(0.0536)	(0.0471)	(0.0466)	(0.0471)	(0.0471)	(0.0489)	(0.0488)	(0.0496)	(0.0496)	(0.0541)	(0.0550)	(0.0531)	(0.0517)	(0.0631)	(0.0630)	(0.0624)	(0.0626)	(0.0639)	(0.0648)	(0.0670)	(0.0667)	(0.0629)	(0.0631)	(0.0631)	(0.0632)	(0.0619)	(0.0620)	(0.0613)	(0.0615)	(0.0551)	(0.0558)	(0.0567)	(0.0564)	(0.0730)	(0.0733)	(0.0721)	(0.0716)
motheragecub	-0.000668	-0.000681	-0.000613	-0.000613	-0.00164***	-0.00166***	-0.00153***	-0.00153***	-0.000393	-0.000446	-0.000347	-0.000347	-0.000532	-0.000573	-0.000482	-0.000482	-0.000425	-0.000320	-0.000146	-0.000146	-0.000619	-0.000567	-0.000527	-0.000527	0.000424	0.000465	0.000459	0.000459	0.000212	0.000261	0.000400	0.000325	-0.000803	-0.000778	-0.000727	-0.000713	0.000129	0.000115	0.000251	0.000211	3.06e-05	5.66e-05	8.28e-05	9.08e-05	-0.00131*	-0.00133*	-0.00116	-0.00119	0.000803	0.000789	0.000939	0.000887	0.000267	0.000241	4.56e-05	3.03e-06
	(0.000510)	(0.000512)	(0.000494)	(0.000494)	(0.000551)	(0.000551)	(0.000528)	(0.000528)	(0.000515)	(0.000512)	(0.000529)	(0.000529)	(0.000486)	(0.000483)	(0.000472)	(0.000472)	(0.000654)	(0.000654)	(0.000659)	(0.000659)	(0.000574)	(0.000566)	(0.000573)	(0.000573)	(0.000621)	(0.000619)	(0.000628)	(0.000628)	(0.000655)	(0.000665)	(0.000645)	(0.000627)	(0.000745)	(0.000743)	(0.000739)	(0.000740)	(0.000773)	(0.000783)	(0.000812)	(0.000809)	(0.000763)	(0.000765)	(0.000764)	(0.000764)	(0.000744)	(0.000745)	(0.000735)	(0.000737)	(0.000660)	(0.000668)	(0.000679)	(0.000673)	(0.000901)	(0.000904)	(0.000886)	(0.000879)
agefirstbirth	-0.0174	-0.0166	-0.0184	-0.0184	0.0237*	0.0236*	0.0189	0.0189	0.0108	0.0109	0.00457	0.00457	0.0353**	0.0353**	0.0320*	0.0320*	0.0224	0.0192	0.0143	0.0143	0.00774	0.00669	0.00483	0.00483	-0.000922	-0.00270	-0.00222	-0.00222	0.0230*	0.0204	-0.00523	-0.0286*	0.0309***	0.0317***	0.0174	0.0230*	0.0415***	0.0375***	0.0160	0.000121	0.0186	0.0176	0.00714	0.0101	0.0224*	0.0209	0.0202	0.0104	0.0254**	0.0254**	0.0297**	0.00975	0.00826	0.0116	0.00961	-0.00680
	(0.0235)	(0.0229)	(0.0210)	(0.0210)	(0.0136)	(0.0135)	(0.0125)	(0.0125)	(0.0173)	(0.0172)	(0.0165)	(0.0165)	(0.0166)	(0.0167)	(0.0171)	(0.0171)	(0.0206)	(0.0204)	(0.0203)	(0.0203)	(0.0177)	(0.0176)	(0.0174)	(0.0174)	(0.0302)	(0.0303)	(0.0298)	(0.0298)	(0.0123)	(0.0126)	(0.0128)	(0.0148)	(0.0112)	(0.0113)	(0.0116)	(0.0132)	(0.0120)	(0.0122)	(0.0131)	(0.0151)	(0.0118)	(0.0115)	(0.0115)	(0.0137)	(0.0130)	(0.0131)	(0.0138)	(0.0168)	(0.0128)	(0.0129)	(0.0136)	(0.0168)	(0.0172)	(0.0171)	(0.0171)	(0.0221)
_mother_edu1			-0.151	-0.151			-0.265	-0.265			0.0236	0.0236			-0.0959	-0.0959			-0.0907	-0.0907			0.0949	0.0949			-0.268	-0.268			0.0978	0.107			-0.0729	-0.0762			0.135	0.143			0.168	0.166			-0.624***	-0.618***			-0.450**	-0.437*			0.436**	0.446**
			(0.231)	(0.231)			(0.216)	(0.216)			(0.261)	(0.261)			(0.217)	(0.217)			(0.239)	(0.239)			(0.236)	(0.236)			(0.315)	(0.315)			(0.212)	(0.213)			(0.231)	(0.231)			(0.210)	(0.210)			(0.232)	(0.231)			(0.197)	(0.195)			(0.229)	(0.227)			(0.185)	(0.186)
_mother_edu2			0.101	0.101			0.0481	0.0481			0.235	0.235			0.244	0.244			-0.175	-0.175			-0.0709	-0.0709			-0.463	-0.463			0.242	0.243			0.251	0.249			0.254	0.257			0.334	0.334			-0.565***	-0.564***			-0.567***	-0.563***			0.324**	0.327**
			(0.210)	(0.210)			(0.184)	(0.184)			(0.242)	(0.242)			(0.195)	(0.195)			(0.216)	(0.216)			(0.215)	(0.215)			(0.288)	(0.288)			(0.189)	(0.191)			(0.201)	(0.201)			(0.188)	(0.189)			(0.215)	(0.215)			(0.179)	(0.178)			(0.211)	(0.210)			(0.127)	(0.128)
_mother_edu3			0.264	0.264			-0.0576	-0.0576			0.247	0.247			0.196	0.196			-0.182	-0.182			-0.0754	-0.0754			-0.348	-0.348			0.368*	0.357*			0.0962	0.0988			0.215	0.206			0.272	0.273			-0.434**	-0.439**			-0.615***	-0.625***			0.505***	0.497***
			(0.213)	(0.213)			(0.186)	(0.186)			(0.242)	(0.242)			(0.203)	(0.203)			(0.219)	(0.219)			(0.220)	(0.220)			(0.295)	(0.295)			(0.194)	(0.196)			(0.203)	(0.203)			(0.189)	(0.191)			(0.223)	(0.224)			(0.187)	(0.186)			(0.218)	(0.216)			(0.161)	(0.161)
_mother_edu4			0.297	0.297			0.204	0.204			0.466**	0.466**			0.342*	0.342*			-0.0874	-0.0874			-0.144	-0.144			-0.362	-0.362			0.609***	0.595***			0.265	0.268			0.490**	0.479**			0.506**	0.507**			-0.451**	-0.457**			-0.602***	-0.615***			0.327**	0.316**
			(0.209)	(0.209)			(0.182)	(0.182)			(0.238)	(0.238)			(0.200)	(0.200)			(0.215)	(0.215)			(0.216)	(0.216)			(0.291)	(0.291)			(0.191)	(0.194)			(0.201)	(0.201)			(0.193)	(0.194)			(0.222)	(0.222)			(0.186)	(0.185)			(0.217)	(0.216)			(0.154)	(0.155)
_mother_edu5			0.433*	0.433*			0.272	0.272			0.648**	0.648**			0.713***	0.713***			-0.412*	-0.412*			-0.246	-0.246			-0.445	-0.445			0.504**	0.474**			0.228	0.232			0.305	0.293			0.736***	0.738***			-0.825***	-0.831***			-0.685***	-0.698***			0.292	0.281
			(0.225)	(0.225)			(0.227)	(0.227)			(0.255)	(0.255)			(0.239)	(0.239)			(0.244)	(0.244)			(0.239)	(0.239)			(0.310)	(0.310)			(0.224)	(0.224)			(0.245)	(0.245)			(0.247)	(0.249)			(0.267)	(0.267)			(0.233)	(0.232)			(0.255)	(0.253)			(0.206)	(0.207)
_inc1			-0.198*	-0.198*			-0.411***	-0.411***			-0.351***	-0.351***			-0.200*	-0.200*			-0.0225	-0.0225			-0.0139	-0.0139			0.0506	0.0506			-0.394***	-0.381***			-0.496***	-0.499***			-0.580***	-0.571***			-0.113	-0.115			0.123	0.128			0.0774	0.0880			-0.0790	-0.0703
			(0.117)	(0.117)			(0.115)	(0.115)			(0.122)	(0.122)			(0.110)	(0.110)			(0.120)	(0.120)			(0.120)	(0.120)			(0.150)	(0.150)			(0.128)	(0.127)			(0.127)	(0.127)			(0.141)	(0.141)			(0.141)	(0.141)			(0.141)	(0.142)			(0.133)	(0.135)			(0.158)	(0.158)
_inc2			-0.207**	-0.207**			-0.281***	-0.281***			-0.217*	-0.217*			-0.106	-0.106			0.0562	0.0562			0.0856	0.0856			-0.0330	-0.0330			-0.380***	-0.370***			-0.442***	-0.444***			-0.484***	-0.477***			-0.0790	-0.0803			0.184	0.189			0.0320	0.0406			-0.165	-0.158
			(0.101)	(0.101)			(0.102)	(0.102)			(0.111)	(0.111)			(0.111)	(0.111)			(0.115)	(0.115)			(0.110)	(0.110)			(0.127)	(0.127)			(0.108)	(0.108)			(0.120)	(0.120)			(0.127)	(0.127)			(0.129)	(0.129)			(0.132)	(0.132)			(0.122)	(0.122)			(0.124)	(0.124)
_inc3			-0.128	-0.128			-0.224***	-0.224***			-0.0546	-0.0546			-0.0421	-0.0421			0.212**	0.212**			0.0520	0.0520			-0.0330	-0.0330			-0.291***	-0.279***			-0.395***	-0.398***			-0.325***	-0.316***			-0.109	-0.111			0.220*	0.225*			-0.0791	-0.0685			-0.0274	-0.0188
			(0.0841)	(0.0841)			(0.0799)	(0.0799)			(0.0852)	(0.0852)			(0.0884)	(0.0884)			(0.0934)	(0.0934)			(0.0874)	(0.0874)			(0.106)	(0.106)			(0.0988)	(0.0984)			(0.102)	(0.101)			(0.112)	(0.112)			(0.118)	(0.119)			(0.120)	(0.120)			(0.113)	(0.113)			(0.131)	(0.130)
_inc4			-0.0819	-0.0819			-0.211***	-0.211***			-0.0667	-0.0667			-0.0101	-0.0101			0.193**	0.193**			0.191**	0.191**			0.0260	0.0260			-0.0407	-0.0223			-0.205**	-0.209**			-0.197*	-0.183*			-0.0292	-0.0318			0.101	0.110			-0.0343	-0.0170			0.0226	0.0368
			(0.0699)	(0.0699)			(0.0768)	(0.0768)			(0.0755)	(0.0755)			(0.0829)	(0.0829)			(0.0864)	(0.0864)			(0.0780)	(0.0780)			(0.0966)	(0.0966)			(0.0938)	(0.0926)			(0.0999)	(0.100)			(0.103)	(0.103)			(0.115)	(0.114)			(0.114)	(0.115)			(0.105)	(0.105)			(0.130)	(0.129)
height		0.779**	0.549	0.549		0.406	0.142	0.142		0.911**	0.632	0.632		1.132***	0.886**	0.886**		-0.873**	-0.773*	-0.773*		-0.461	-0.356	-0.356		0.215	0.250	0.250		0.549	0.164	0.211		-0.112	-0.340	-0.352		0.777	0.496	0.531		0.614	0.369	0.363		0.265	0.281	0.304		0.431	0.536	0.582		-0.480	-0.440	-0.403
		(0.393)	(0.389)	(0.389)		(0.420)	(0.415)	(0.415)		(0.431)	(0.428)	(0.428)		(0.421)	(0.417)	(0.417)		(0.433)	(0.433)	(0.433)		(0.413)	(0.414)	(0.414)		(0.473)	(0.484)	(0.484)		(0.494)	(0.488)	(0.482)		(0.569)	(0.571)	(0.572)		(0.526)	(0.541)	(0.538)		(0.516)	(0.512)	(0.513)		(0.508)	(0.503)	(0.505)		(0.474)	(0.468)	(0.469)		(0.547)	(0.569)	(0.570)
daily_cig_before_preg		-0.000721	0.00278	0.00278		-0.00113	0.00359	0.00359		0.000370	0.00480	0.00480		0.00234	0.00591	0.00591		-0.00908*	-0.00930*	-0.00930*		-0.00148	-0.00305	-0.00305		-0.00238	-0.00250	-0.00250		-0.00389	0.00383	0.00388		0.00199	0.00741	0.00746		-0.00736	-0.000304	-0.000459		-0.000650	0.00259	0.00263		-0.00206	-0.00126	-0.00133		0.00165	-5.43e-05	-0.000215		0.00518	0.00600	0.00587
		(0.00439)	(0.00450)	(0.00450)		(0.00430)	(0.00424)	(0.00424)		(0.00475)	(0.00470)	(0.00470)		(0.00419)	(0.00419)	(0.00419)		(0.00471)	(0.00481)	(0.00481)		(0.00472)	(0.00488)	(0.00488)		(0.00487)	(0.00509)	(0.00509)		(0.00574)	(0.00597)	(0.00598)		(0.00596)	(0.00599)	(0.00600)		(0.00555)	(0.00580)	(0.00577)		(0.00544)	(0.00554)	(0.00555)		(0.00546)	(0.00559)	(0.00559)		(0.00516)	(0.00530)	(0.00532)		(0.00613)	(0.00650)	(0.00652)
weekly_alcohol_b_preg		-0.000105	-0.000369	-0.000369		6.46e-05	-0.000765	-0.000765		0.00293	0.00287	0.00287		-0.00299	-0.00333	-0.00333		-0.00561	-0.00510	-0.00510		-0.00219	-0.00219	-0.00219		-0.00719*	-0.00641	-0.00641		0.0104**	0.00887**	0.00888**		0.00250	0.00110	0.00100		0.000890	-0.000494	-0.000235		0.00721*	0.00643*	0.00637*		-0.00688*	-0.00618*	-0.00603		-0.00427	-0.00395	-0.00363		0.00257	0.00266	0.00293
		(0.00489)	(0.00482)	(0.00482)		(0.00411)	(0.00405)	(0.00405)		(0.00445)	(0.00462)	(0.00462)		(0.00508)	(0.00514)	(0.00514)		(0.00562)	(0.00569)	(0.00569)		(0.00459)	(0.00462)	(0.00462)		(0.00432)	(0.00435)	(0.00435)		(0.00436)	(0.00419)	(0.00428)		(0.00447)	(0.00435)	(0.00435)		(0.00471)	(0.00466)	(0.00460)		(0.00386)	(0.00380)	(0.00382)		(0.00365)	(0.00366)	(0.00368)		(0.00334)	(0.00343)	(0.00349)		(0.00791)	(0.00791)	(0.00799)
complications_during_preg		-0.0543	-0.0590	-0.0590		-0.0527	-0.0420	-0.0420		0.0443	0.0479	0.0479		-0.0195	-0.0202	-0.0202		0.156**	0.146**	0.146**		0.185***	0.182***	0.182***		0.113*	0.113*	0.113*		-0.0496	-0.0550	-0.0561		-0.0718	-0.0606	-0.0602		-0.00359	0.00765	0.00679		-0.0738	-0.0639	-0.0638		0.0586	0.0358	0.0351		0.133*	0.132*	0.130*		0.114	0.114	0.112
		(0.0563)	(0.0559)	(0.0559)		(0.0560)	(0.0551)	(0.0551)		(0.0585)	(0.0575)	(0.0575)		(0.0571)	(0.0560)	(0.0560)		(0.0614)	(0.0613)	(0.0613)		(0.0581)	(0.0583)	(0.0583)		(0.0673)	(0.0681)	(0.0681)		(0.0670)	(0.0649)	(0.0648)		(0.0701)	(0.0706)	(0.0706)		(0.0718)	(0.0704)	(0.0703)		(0.0735)	(0.0733)	(0.0733)		(0.0725)	(0.0727)	(0.0727)		(0.0690)	(0.0687)	(0.0682)		(0.0784)	(0.0785)	(0.0788)
Constant	25.70***	24.97***	23.52**	23.52**	35.94***	35.67***	32.53***	32.53***	7.120	7.195	4.923	4.923	11.38	10.51	9.010	9.010	2.175	1.457	-1.022	-1.022	5.154	4.963	4.416	4.416	-1.482	-2.388	-2.062	-2.062	5.347	3.514	2.829	2.725	11.64	11.26	11.35	11.19	1.442	0.759	-1.439	-0.927	0.225	-1.282	-1.771	-1.838	28.15**	27.89*	25.05*	25.45*	-13.08	-13.44	-16.50	-15.70	3.288	4.294	8.064	8.722
	(9.473)	(9.542)	(9.283)	(9.283)	(12.72)	(12.71)	(12.21)	(12.21)	(11.77)	(11.67)	(12.13)	(12.13)	(8.360)	(8.404)	(8.111)	(8.111)	(11.53)	(11.60)	(11.55)	(11.55)	(10.28)	(10.24)	(10.34)	(10.34)	(9.828)	(9.810)	(10.04)	(10.04)	(12.22)	(12.56)	(12.04)	(11.69)	(15.01)	(15.09)	(14.90)	(14.96)	(16.58)	(16.96)	(17.59)	(17.45)	(15.55)	(15.74)	(15.83)	(15.87)	(14.33)	(14.43)	(14.31)	(14.40)	(12.80)	(13.06)	(13.25)	(13.23)	(16.01)	(16.25)	(16.11)	(16.06)
																																																								
Observations	1,628	1,628	1,628	1,628	1,514	1,514	1,514	1,514	1,494	1,494	1,494	1,494	1,509	1,509	1,509	1,509	1,542	1,542	1,542	1,542	1,542	1,542	1,542	1,542	1,542	1,542	1,542	1,542	1,182	1,182	1,182	1,182	1,090	1,090	1,090	1,090	1,070	1,070	1,070	1,070	1,083	1,083	1,083	1,083	1,110	1,110	1,110	1,110	1,110	1,110	1,110	1,110	1,110	1,110	1,110	1,110
R-squared	0.116	0.120	0.142	0.142	0.112	0.114	0.149	0.149	0.107	0.112	0.145	0.145	0.117	0.123	0.149	0.149	0.044	0.057	0.072	0.072	0.066	0.076	0.085	0.085	0.055	0.059	0.066	0.066	0.103	0.110	0.164	0.171	0.130	0.131	0.163	0.164	0.153	0.157	0.200	0.203	0.120	0.126	0.144	0.145	0.073	0.076	0.096	0.097	0.066	0.073	0.088	0.094	0.065	0.069	0.080	0.083
Robust standard errors in parentheses																																																								
*** p<0.01, ** p<0.05, * p<0.1																																																								
