	(1)	(2)	(3)	(4)	(5)	(6)	(7)	(8)	(9)	(10)	(11)	(12)	(13)	(14)	(15)	(16)	(17)	(18)	(19)	(20)	(21)	(22)	(23)	(24)	(25)	(26)	(27)	(28)	(29)	(30)	(31)	(32)	(33)	(34)	(35)	(36)	(37)	(38)	(39)	(40)	(41)	(42)	(43)	(44)	(45)	(46)	(47)	(48)	(49)	(50)	(51)	(52)	(53)	(54)	(55)	(56)
VARIABLES	ZQ_Verbal_Similarities	ZQ_Verbal_Similarities	ZQ_Verbal_Similarities	ZQ_Verbal_Similarities	ZQ_Number_Skills	ZQ_Number_Skills	ZQ_Number_Skills	ZQ_Number_Skills	ZQ_Word_Reading	ZQ_Word_Reading	ZQ_Word_Reading	ZQ_Word_Reading	ZQ_Pattern_Construction	ZQ_Pattern_Construction	ZQ_Pattern_Construction	ZQ_Pattern_Construction	ZQ_Help_Reading_Freq	ZQ_Help_Reading_Freq	ZQ_Help_Reading_Freq	ZQ_Help_Reading_Freq	ZQ_Help_Writing_Freq	ZQ_Help_Writing_Freq	ZQ_Help_Writing_Freq	ZQ_Help_Writing_Freq	ZQ_Proactive_School_Selection	ZQ_Proactive_School_Selection	ZQ_Proactive_School_Selection	ZQ_Proactive_School_Selection	ZQ_Verbal_Similarities	ZQ_Verbal_Similarities	ZQ_Verbal_Similarities	ZQ_Verbal_Similarities	ZQ_Number_Skills	ZQ_Number_Skills	ZQ_Number_Skills	ZQ_Number_Skills	ZQ_Word_Reading	ZQ_Word_Reading	ZQ_Word_Reading	ZQ_Word_Reading	ZQ_Pattern_Construction	ZQ_Pattern_Construction	ZQ_Pattern_Construction	ZQ_Pattern_Construction	ZQ_Help_Reading_Freq	ZQ_Help_Reading_Freq	ZQ_Help_Reading_Freq	ZQ_Help_Reading_Freq	ZQ_Help_Writing_Freq	ZQ_Help_Writing_Freq	ZQ_Help_Writing_Freq	ZQ_Help_Writing_Freq	ZQ_Proactive_School_Selection	ZQ_Proactive_School_Selection	ZQ_Proactive_School_Selection	ZQ_Proactive_School_Selection
																																																								
fert	-0.0487*	-0.0507*	-0.0398	-0.0398	-0.00755	-0.00967	1.85e-05	1.85e-05	-0.0530*	-0.0562*	-0.0432	-0.0432	-0.0341	-0.0360	-0.0253	-0.0253	-0.00896	-0.0109	-0.0146	-0.0146	-0.0438	-0.0429	-0.0476	-0.0476	0.0286	0.0274	0.0354	0.0354	-0.110***	-0.108***	-0.0968***	-0.0976***	0.00184	0.00564	0.0233	0.0236	-0.0880***	-0.0781**	-0.0485	-0.0499	0.00898	0.0131	0.0256	0.0272	-0.0196	-0.0228	-0.0147	-0.0179	-0.0390	-0.0444	-0.0491	-0.0536	-0.0152	-0.0185	-0.00871	-0.00887
	(0.0277)	(0.0280)	(0.0275)	(0.0275)	(0.0294)	(0.0295)	(0.0296)	(0.0296)	(0.0309)	(0.0309)	(0.0306)	(0.0306)	(0.0302)	(0.0304)	(0.0310)	(0.0310)	(0.0301)	(0.0302)	(0.0310)	(0.0310)	(0.0311)	(0.0313)	(0.0317)	(0.0317)	(0.0311)	(0.0313)	(0.0313)	(0.0313)	(0.0330)	(0.0334)	(0.0334)	(0.0333)	(0.0340)	(0.0341)	(0.0346)	(0.0346)	(0.0341)	(0.0335)	(0.0342)	(0.0342)	(0.0344)	(0.0343)	(0.0351)	(0.0350)	(0.0334)	(0.0338)	(0.0341)	(0.0341)	(0.0324)	(0.0327)	(0.0330)	(0.0329)	(0.0315)	(0.0322)	(0.0327)	(0.0325)
motherage	-0.651	-0.606	-0.424	-0.424	-1.247	-1.203	-1.071	-1.071	-1.730*	-1.702*	-1.488	-1.488	0.615	0.678	0.722	0.722	0.146	0.151	0.228	0.228	0.638	0.580	0.589	0.589	-0.607	-0.497	-0.528	-0.528	-1.169	-1.190	-1.033	-1.023	-1.231	-1.270	-1.043	-1.046	-2.839**	-2.870**	-2.758**	-2.746**	0.553	0.609	0.727	0.715	0.542	0.594	0.539	0.579	2.475**	2.497**	2.515**	2.569**	-2.092	-2.113	-2.171	-2.169
	(1.026)	(1.039)	(1.014)	(1.014)	(1.191)	(1.194)	(1.170)	(1.170)	(0.956)	(0.950)	(0.959)	(0.959)	(1.018)	(1.025)	(1.042)	(1.042)	(1.188)	(1.191)	(1.164)	(1.164)	(1.124)	(1.128)	(1.124)	(1.124)	(1.161)	(1.159)	(1.141)	(1.141)	(1.093)	(1.106)	(1.070)	(1.071)	(1.384)	(1.383)	(1.335)	(1.335)	(1.198)	(1.178)	(1.146)	(1.141)	(1.216)	(1.214)	(1.178)	(1.178)	(1.380)	(1.389)	(1.362)	(1.361)	(1.246)	(1.258)	(1.249)	(1.238)	(1.469)	(1.484)	(1.477)	(1.478)
motheragesq	0.0149	0.0135	0.00702	0.00702	0.0435	0.0421	0.0372	0.0372	0.0549	0.0543	0.0464	0.0464	-0.0209	-0.0230	-0.0253	-0.0253	-0.00786	-0.00817	-0.0112	-0.0112	-0.0232	-0.0215	-0.0218	-0.0218	0.0156	0.0120	0.0128	0.0128	0.0360	0.0365	0.0303	0.0300	0.0453	0.0468	0.0385	0.0386	0.0955**	0.0968**	0.0916**	0.0912**	-0.0207	-0.0224	-0.0271	-0.0267	-0.0248	-0.0264	-0.0248	-0.0260	-0.0922**	-0.0929**	-0.0935**	-0.0952**	0.0703	0.0710	0.0729	0.0728
	(0.0366)	(0.0371)	(0.0362)	(0.0362)	(0.0415)	(0.0416)	(0.0406)	(0.0406)	(0.0345)	(0.0342)	(0.0343)	(0.0343)	(0.0358)	(0.0361)	(0.0366)	(0.0366)	(0.0418)	(0.0418)	(0.0410)	(0.0410)	(0.0397)	(0.0397)	(0.0397)	(0.0397)	(0.0433)	(0.0432)	(0.0425)	(0.0425)	(0.0392)	(0.0396)	(0.0385)	(0.0385)	(0.0482)	(0.0481)	(0.0463)	(0.0463)	(0.0435)	(0.0427)	(0.0413)	(0.0412)	(0.0434)	(0.0433)	(0.0420)	(0.0420)	(0.0484)	(0.0487)	(0.0478)	(0.0477)	(0.0439)	(0.0442)	(0.0440)	(0.0435)	(0.0521)	(0.0526)	(0.0522)	(0.0522)
motheragecub	-8.42e-05	-7.12e-05	7.51e-06	7.51e-06	-0.000493	-0.000479	-0.000417	-0.000417	-0.000562	-0.000559	-0.000461	-0.000461	0.000232	0.000254	0.000290	0.000290	0.000121	0.000125	0.000165	0.000165	0.000243	0.000228	0.000232	0.000232	-0.000129	-9.10e-05	-9.72e-05	-9.72e-05	-0.000353	-0.000356	-0.000276	-0.000272	-0.000555	-0.000571	-0.000474	-0.000475	-0.00105**	-0.00106**	-0.000987**	-0.000982**	0.000258	0.000276	0.000335	0.000330	0.000328	0.000344	0.000328	0.000345	0.00107**	0.00108**	0.00108**	0.00111**	-0.000769	-0.000777	-0.000799	-0.000798
	(0.000429)	(0.000434)	(0.000423)	(0.000423)	(0.000475)	(0.000474)	(0.000462)	(0.000462)	(0.000406)	(0.000402)	(0.000402)	(0.000402)	(0.000410)	(0.000413)	(0.000418)	(0.000418)	(0.000481)	(0.000481)	(0.000473)	(0.000473)	(0.000459)	(0.000458)	(0.000459)	(0.000459)	(0.000523)	(0.000522)	(0.000512)	(0.000512)	(0.000460)	(0.000464)	(0.000453)	(0.000453)	(0.000548)	(0.000547)	(0.000525)	(0.000525)	(0.000515)	(0.000503)	(0.000486)	(0.000485)	(0.000502)	(0.000502)	(0.000485)	(0.000485)	(0.000556)	(0.000559)	(0.000548)	(0.000547)	(0.000505)	(0.000508)	(0.000506)	(0.000498)	(0.000602)	(0.000607)	(0.000601)	(0.000601)
agefirstbirth	0.0333***	0.0284***	0.0148***	0.0148***	0.0269***	0.0229***	0.0109**	0.0109**	0.0397***	0.0339***	0.0210***	0.0210***	0.0247***	0.0218***	0.0120**	0.0120**	-0.00587	-0.00760	-0.00700	-0.00700	-0.00640	-0.00363	-0.00183	-0.00183	0.00606	0.00533	0.00328	0.00328	0.0327***	0.0279***	0.0113*	0.0105*	0.0368***	0.0328***	0.0167***	0.0170***	0.0494***	0.0414***	0.0237***	0.0225***	0.0322***	0.0256***	0.0140**	0.0154**	-0.00179	-0.000729	-0.00224	-0.00557	-0.0103*	-0.00710	-0.00692	-0.0114*	0.00194	0.00419	5.49e-05	-0.000108
	(0.00444)	(0.00476)	(0.00513)	(0.00513)	(0.00506)	(0.00536)	(0.00552)	(0.00552)	(0.00517)	(0.00534)	(0.00549)	(0.00549)	(0.00501)	(0.00537)	(0.00541)	(0.00541)	(0.00534)	(0.00567)	(0.00604)	(0.00604)	(0.00530)	(0.00570)	(0.00592)	(0.00592)	(0.00545)	(0.00558)	(0.00581)	(0.00581)	(0.00531)	(0.00573)	(0.00609)	(0.00615)	(0.00556)	(0.00597)	(0.00628)	(0.00643)	(0.00570)	(0.00587)	(0.00624)	(0.00635)	(0.00650)	(0.00701)	(0.00681)	(0.00681)	(0.00593)	(0.00627)	(0.00667)	(0.00670)	(0.00591)	(0.00630)	(0.00659)	(0.00665)	(0.00671)	(0.00685)	(0.00708)	(0.00709)
_mother_edu1			0.00175	0.00175			-0.381**	-0.381**			-0.139	-0.139			0.168	0.168			0.271	0.271			0.0884	0.0884			-0.133	-0.133			-0.0303	-0.0327			-0.234	-0.233			0.0746	0.0729			0.111	0.112			-0.0150	-0.0193			-0.131	-0.137			0.163	0.163
			(0.159)	(0.159)			(0.153)	(0.153)			(0.190)	(0.190)			(0.148)	(0.148)			(0.175)	(0.175)			(0.171)	(0.171)			(0.215)	(0.215)			(0.126)	(0.126)			(0.158)	(0.158)			(0.148)	(0.148)			(0.153)	(0.153)			(0.137)	(0.137)			(0.157)	(0.156)			(0.143)	(0.143)
_mother_edu2			0.179	0.179			-0.0889	-0.0889			0.0577	0.0577			0.291**	0.291**			0.0994	0.0994			-0.0630	-0.0630			-0.169	-0.169			0.186*	0.184			0.0730	0.0732			0.228*	0.227*			0.300**	0.301**			-0.0813	-0.0843			-0.211	-0.215			0.0545	0.0543
			(0.147)	(0.147)			(0.134)	(0.134)			(0.170)	(0.170)			(0.137)	(0.137)			(0.160)	(0.160)			(0.156)	(0.156)			(0.204)	(0.204)			(0.113)	(0.113)			(0.143)	(0.143)			(0.133)	(0.133)			(0.140)	(0.141)			(0.124)	(0.123)			(0.145)	(0.144)			(0.125)	(0.125)
_mother_edu3			0.330**	0.330**			-0.0786	-0.0786			0.0904	0.0904			0.426***	0.426***			0.0903	0.0903			0.0120	0.0120			0.0408	0.0408			0.360***	0.358***			0.0597	0.0598			0.210	0.210			0.342**	0.343**			0.103	0.101			-0.172	-0.174			0.226*	0.226*
			(0.152)	(0.152)			(0.137)	(0.137)			(0.174)	(0.174)			(0.141)	(0.141)			(0.165)	(0.165)			(0.163)	(0.163)			(0.215)	(0.215)			(0.118)	(0.119)			(0.143)	(0.144)			(0.135)	(0.135)			(0.144)	(0.144)			(0.132)	(0.131)			(0.153)	(0.152)			(0.131)	(0.131)
_mother_edu4			0.382**	0.382**			0.120	0.120			0.264	0.264			0.479***	0.479***			0.173	0.173			-0.0142	-0.0142			-0.106	-0.106			0.429***	0.427***			0.231	0.232			0.401***	0.398***			0.489***	0.492***			-0.00438	-0.0116			-0.148	-0.158			0.0967	0.0964
			(0.149)	(0.149)			(0.134)	(0.134)			(0.171)	(0.171)			(0.140)	(0.140)			(0.163)	(0.163)			(0.159)	(0.159)			(0.206)	(0.206)			(0.114)	(0.115)			(0.142)	(0.142)			(0.136)	(0.135)			(0.140)	(0.141)			(0.130)	(0.129)			(0.149)	(0.148)			(0.126)	(0.126)
_mother_edu5			0.526***	0.526***			0.265*	0.265*			0.336*	0.336*			0.667***	0.667***			-0.0449	-0.0449			-0.0475	-0.0475			-0.138	-0.138			0.531***	0.527***			0.260	0.261			0.386**	0.381**			0.604***	0.609***			-0.0262	-0.0369			-0.143	-0.157			0.0993	0.0988
			(0.162)	(0.162)			(0.160)	(0.160)			(0.187)	(0.187)			(0.162)	(0.162)			(0.189)	(0.189)			(0.180)	(0.180)			(0.230)	(0.230)			(0.137)	(0.137)			(0.171)	(0.171)			(0.164)	(0.164)			(0.167)	(0.167)			(0.167)	(0.167)			(0.177)	(0.176)			(0.180)	(0.181)
_inc1			-0.348***	-0.348***			-0.236**	-0.236**			-0.424***	-0.424***			-0.121	-0.121			0.0385	0.0385			0.107	0.107			-0.0276	-0.0276			-0.276***	-0.276***			-0.477***	-0.477***			-0.605***	-0.605***			-0.163*	-0.162*			-0.0626	-0.0647			0.0374	0.0345			-0.0766	-0.0767
			(0.0898)	(0.0898)			(0.0954)	(0.0954)			(0.0941)	(0.0941)			(0.0997)	(0.0997)			(0.101)	(0.101)			(0.101)	(0.101)			(0.108)	(0.108)			(0.0861)	(0.0861)			(0.0892)	(0.0893)			(0.0929)	(0.0931)			(0.0940)	(0.0939)			(0.100)	(0.101)			(0.0963)	(0.0965)			(0.109)	(0.109)
_inc2			-0.321***	-0.321***			-0.225***	-0.225***			-0.256***	-0.256***			-0.210**	-0.210**			0.128	0.128			0.164*	0.164*			-0.0998	-0.0998			-0.238***	-0.240***			-0.365***	-0.364***			-0.434***	-0.437***			-0.148*	-0.144			0.0729	0.0636			0.0647	0.0521			-0.164*	-0.164*
			(0.0788)	(0.0788)			(0.0868)	(0.0868)			(0.0828)	(0.0828)			(0.101)	(0.101)			(0.0925)	(0.0925)			(0.0903)	(0.0903)			(0.0948)	(0.0948)			(0.0750)	(0.0750)			(0.0794)	(0.0795)			(0.0819)	(0.0822)			(0.0888)	(0.0889)			(0.0915)	(0.0919)			(0.0858)	(0.0855)			(0.0925)	(0.0924)
_inc3			-0.111*	-0.111*			-0.146**	-0.146**			-0.0874	-0.0874			-0.0607	-0.0607			0.184**	0.184**			0.132*	0.132*			-0.0819	-0.0819			-0.156**	-0.159**			-0.352***	-0.352***			-0.283***	-0.286***			-0.110	-0.106			0.138	0.130			0.0871	0.0757			-0.104	-0.104
			(0.0650)	(0.0650)			(0.0722)	(0.0722)			(0.0691)	(0.0691)			(0.0778)	(0.0778)			(0.0817)	(0.0817)			(0.0793)	(0.0793)			(0.0850)	(0.0850)			(0.0681)	(0.0681)			(0.0714)	(0.0716)			(0.0757)	(0.0759)			(0.0781)	(0.0782)			(0.0851)	(0.0850)			(0.0824)	(0.0819)			(0.0901)	(0.0903)
_inc4			-0.121**	-0.121**			-0.0734	-0.0734			-0.0736	-0.0736			-0.00110	-0.00110			0.172**	0.172**			0.115	0.115			-0.0151	-0.0151			-0.0669	-0.0668			-0.259***	-0.259***			-0.225***	-0.225***			-0.0736	-0.0740			0.111	0.112			-0.0113	-0.0101			0.0454	0.0455
			(0.0600)	(0.0600)			(0.0674)	(0.0674)			(0.0636)	(0.0636)			(0.0707)	(0.0707)			(0.0787)	(0.0787)			(0.0717)	(0.0717)			(0.0838)	(0.0838)			(0.0696)	(0.0695)			(0.0688)	(0.0688)			(0.0705)	(0.0706)			(0.0778)	(0.0776)			(0.0833)	(0.0834)			(0.0774)	(0.0772)			(0.0933)	(0.0933)
height		0.771**	0.657**	0.657**		0.294	0.186	0.186		0.403	0.280	0.280		0.385	0.356	0.356		0.351	0.386	0.386		-0.123	-0.0933	-0.0933		0.722**	0.718**	0.718**		0.314	0.121	0.136		0.0124	-0.162	-0.167		0.182	-0.00257	0.0201		0.567*	0.469	0.443		0.697*	0.658*	0.723**		0.422	0.408	0.495		-0.164	-0.159	-0.156
		(0.304)	(0.294)	(0.294)		(0.347)	(0.336)	(0.336)		(0.307)	(0.298)	(0.298)		(0.337)	(0.332)	(0.332)		(0.372)	(0.368)	(0.368)		(0.359)	(0.360)	(0.360)		(0.352)	(0.351)	(0.351)		(0.330)	(0.324)	(0.324)		(0.354)	(0.351)	(0.351)		(0.329)	(0.328)	(0.328)		(0.338)	(0.333)	(0.333)		(0.366)	(0.365)	(0.366)		(0.347)	(0.346)	(0.348)		(0.366)	(0.362)	(0.364)
daily_cig_before_preg		-0.00648**	-0.000439	-0.000439		-0.00644*	-0.00119	-0.00119		-0.00971***	-0.00305	-0.00305		-0.00380	0.000991	0.000991		-0.00289	-0.00278	-0.00278		0.00391	0.00285	0.00285		0.00129	0.00200	0.00200		-0.00876***	-0.00336	-0.00366		-0.00810**	-0.00278	-0.00267		-0.0146***	-0.00807**	-0.00856**		-0.0103***	-0.00618*	-0.00560		0.00345	0.00506	0.00370		0.00650*	0.00610*	0.00426		0.00340	0.00475	0.00469
		(0.00318)	(0.00327)	(0.00327)		(0.00336)	(0.00336)	(0.00336)		(0.00329)	(0.00328)	(0.00328)		(0.00333)	(0.00346)	(0.00346)		(0.00356)	(0.00369)	(0.00369)		(0.00360)	(0.00377)	(0.00377)		(0.00371)	(0.00383)	(0.00383)		(0.00338)	(0.00343)	(0.00345)		(0.00351)	(0.00345)	(0.00348)		(0.00340)	(0.00329)	(0.00332)		(0.00340)	(0.00348)	(0.00350)		(0.00351)	(0.00358)	(0.00360)		(0.00341)	(0.00353)	(0.00359)		(0.00378)	(0.00387)	(0.00386)
weekly_alcohol_b_preg		-0.00103	-0.000812	-0.000812		-0.00224	-0.00154	-0.00154		0.00144	0.00199	0.00199		-0.00216	-0.00211	-0.00211		-0.00423	-0.00464	-0.00464		-0.00279	-0.00326	-0.00326		-0.00177	-0.00182	-0.00182		0.00442*	0.00428*	0.00432*		-0.000452	-0.000982	-0.00101		-0.00304	-0.00365	-0.00355		0.00278	0.00231	0.00218		-0.00298	-0.00223	-0.00190		-0.00179	-0.00149	-0.00104		0.00173	0.00164	0.00166
		(0.00323)	(0.00319)	(0.00319)		(0.00375)	(0.00361)	(0.00361)		(0.00355)	(0.00339)	(0.00339)		(0.00414)	(0.00406)	(0.00406)		(0.00379)	(0.00375)	(0.00375)		(0.00382)	(0.00385)	(0.00385)		(0.00431)	(0.00432)	(0.00432)		(0.00256)	(0.00250)	(0.00250)		(0.00273)	(0.00266)	(0.00266)		(0.00295)	(0.00286)	(0.00285)		(0.00304)	(0.00304)	(0.00305)		(0.00265)	(0.00266)	(0.00267)		(0.00282)	(0.00286)	(0.00284)		(0.00416)	(0.00405)	(0.00405)
complications_during_preg		-0.0403	-0.0372	-0.0372		-0.0657	-0.0637	-0.0637		-0.0512	-0.0451	-0.0451		-0.0581	-0.0581	-0.0581		0.0634	0.0581	0.0581		0.116**	0.112**	0.112**		-0.00307	-0.00203	-0.00203		0.00520	-0.00813	-0.00936		-0.00509	-0.00432	-0.00381		-0.0850*	-0.0849*	-0.0869*		-0.0511	-0.0598	-0.0574		0.0846*	0.0782	0.0728		0.106**	0.108**	0.100**		0.0412	0.0419	0.0416
		(0.0435)	(0.0425)	(0.0425)		(0.0465)	(0.0461)	(0.0461)		(0.0448)	(0.0438)	(0.0438)		(0.0479)	(0.0473)	(0.0473)		(0.0506)	(0.0508)	(0.0508)		(0.0492)	(0.0494)	(0.0494)		(0.0515)	(0.0521)	(0.0521)		(0.0454)	(0.0444)	(0.0444)		(0.0484)	(0.0477)	(0.0477)		(0.0462)	(0.0455)	(0.0456)		(0.0483)	(0.0479)	(0.0478)		(0.0507)	(0.0510)	(0.0510)		(0.0487)	(0.0488)	(0.0486)		(0.0543)	(0.0536)	(0.0538)
Constant	6.560	5.135	4.161	4.161	8.933	8.184	7.663	7.663	14.59*	13.86*	13.03	13.03	-4.478	-5.592	-5.911	-5.911	-1.736	-1.795	-3.204	-3.204	-6.102	-5.088	-5.471	-5.471	6.317	4.247	4.635	4.635	11.42	11.27	10.67	10.56	9.606	10.03	9.053	9.076	23.34**	23.96**	23.66**	23.51**	-4.670	-6.045	-6.812	-6.605	-4.640	-6.501	-5.726	-6.505	-21.50*	-22.68*	-22.45*	-23.51*	20.93	21.40	22.13	22.10
	(8.880)	(9.024)	(8.802)	(8.802)	(10.20)	(10.27)	(10.08)	(10.08)	(8.010)	(7.988)	(8.060)	(8.060)	(8.651)	(8.791)	(8.952)	(8.952)	(13.56)	(13.63)	(13.32)	(13.32)	(12.86)	(12.91)	(12.85)	(12.85)	(13.41)	(13.42)	(13.23)	(13.23)	(9.444)	(9.599)	(9.264)	(9.279)	(12.08)	(12.12)	(11.71)	(11.71)	(10.21)	(10.09)	(9.804)	(9.756)	(10.49)	(10.53)	(10.24)	(10.24)	(14.08)	(14.20)	(13.92)	(13.91)	(12.63)	(12.76)	(12.65)	(12.54)	(14.78)	(15.00)	(14.94)	(14.95)
																																																								
Observations	2,393	2,393	2,393	2,393	2,246	2,246	2,246	2,246	2,214	2,214	2,214	2,214	2,233	2,233	2,233	2,233	2,277	2,277	2,277	2,277	2,277	2,277	2,277	2,277	2,277	2,277	2,277	2,277	2,372	2,372	2,372	2,372	2,213	2,213	2,213	2,213	2,180	2,180	2,180	2,180	2,200	2,200	2,200	2,200	2,246	2,246	2,246	2,246	2,246	2,246	2,246	2,246	2,246	2,246	2,246	2,246
R-squared	0.111	0.117	0.152	0.152	0.072	0.076	0.109	0.109	0.136	0.143	0.178	0.178	0.072	0.074	0.099	0.099	0.036	0.038	0.048	0.048	0.052	0.056	0.061	0.061	0.040	0.042	0.048	0.048	0.102	0.107	0.142	0.142	0.102	0.105	0.143	0.143	0.167	0.180	0.222	0.223	0.083	0.091	0.112	0.113	0.056	0.061	0.070	0.074	0.068	0.074	0.077	0.085	0.028	0.029	0.037	0.037
Robust standard errors in parentheses																																																								
*** p<0.01, ** p<0.05, * p<0.1																																																								
