	(1)	(2)	(3)	(4)	(5)	(6)	(7)	(8)	(9)	(10)	(11)	(12)	(13)	(14)	(15)	(16)	(17)	(18)	(19)	(20)	(21)	(22)	(23)	(24)	(25)	(26)	(27)	(28)	(29)	(30)	(31)	(32)	(33)	(34)	(35)	(36)	(37)	(38)	(39)	(40)	(41)	(42)	(43)	(44)	(45)	(46)	(47)	(48)	(49)	(50)	(51)	(52)	(53)	(54)	(55)	(56)
VARIABLES	ZQ_Verbal_Similarities	ZQ_Verbal_Similarities	ZQ_Verbal_Similarities	ZQ_Verbal_Similarities	ZQ_Number_Skills	ZQ_Number_Skills	ZQ_Number_Skills	ZQ_Number_Skills	ZQ_Word_Reading	ZQ_Word_Reading	ZQ_Word_Reading	ZQ_Word_Reading	ZQ_Pattern_Construction	ZQ_Pattern_Construction	ZQ_Pattern_Construction	ZQ_Pattern_Construction	ZQ_Help_Reading_Freq	ZQ_Help_Reading_Freq	ZQ_Help_Reading_Freq	ZQ_Help_Reading_Freq	ZQ_Help_Writing_Freq	ZQ_Help_Writing_Freq	ZQ_Help_Writing_Freq	ZQ_Help_Writing_Freq	ZQ_Proactive_School_Selection	ZQ_Proactive_School_Selection	ZQ_Proactive_School_Selection	ZQ_Proactive_School_Selection	ZQ_Verbal_Similarities	ZQ_Verbal_Similarities	ZQ_Verbal_Similarities	ZQ_Verbal_Similarities	ZQ_Number_Skills	ZQ_Number_Skills	ZQ_Number_Skills	ZQ_Number_Skills	ZQ_Word_Reading	ZQ_Word_Reading	ZQ_Word_Reading	ZQ_Word_Reading	ZQ_Pattern_Construction	ZQ_Pattern_Construction	ZQ_Pattern_Construction	ZQ_Pattern_Construction	ZQ_Help_Reading_Freq	ZQ_Help_Reading_Freq	ZQ_Help_Reading_Freq	ZQ_Help_Reading_Freq	ZQ_Help_Writing_Freq	ZQ_Help_Writing_Freq	ZQ_Help_Writing_Freq	ZQ_Help_Writing_Freq	ZQ_Proactive_School_Selection	ZQ_Proactive_School_Selection	ZQ_Proactive_School_Selection	ZQ_Proactive_School_Selection
																																																								
fert	-0.0271	-0.0280	-0.0345	-0.0345	0.0144	0.0120	0.0140	0.0140	-0.00369	-0.00747	-0.00567	-0.00567	-0.0532	-0.0598	-0.0567	-0.0567	-0.0147	-0.0157	-0.0113	-0.0113	-0.101**	-0.0978**	-0.103**	-0.103**	0.0617	0.0625	0.0572	0.0572	-0.136***	-0.125***	-0.108**	-0.107**	-0.0509	-0.0451	-0.0278	-0.0282	-0.0986**	-0.0861**	-0.0625	-0.0639	-0.00765	-0.00262	0.0278	0.0278	0.0166	0.0107	0.0267	0.0258	-0.0667	-0.0712	-0.0705	-0.0715	0.0635	0.0643	0.0652	0.0663
	(0.0433)	(0.0427)	(0.0433)	(0.0433)	(0.0427)	(0.0427)	(0.0431)	(0.0431)	(0.0393)	(0.0391)	(0.0394)	(0.0394)	(0.0419)	(0.0415)	(0.0428)	(0.0428)	(0.0466)	(0.0471)	(0.0483)	(0.0483)	(0.0479)	(0.0480)	(0.0482)	(0.0482)	(0.0417)	(0.0414)	(0.0408)	(0.0408)	(0.0445)	(0.0428)	(0.0435)	(0.0436)	(0.0496)	(0.0492)	(0.0491)	(0.0490)	(0.0431)	(0.0417)	(0.0421)	(0.0419)	(0.0456)	(0.0454)	(0.0466)	(0.0465)	(0.0508)	(0.0512)	(0.0523)	(0.0518)	(0.0485)	(0.0482)	(0.0481)	(0.0481)	(0.0496)	(0.0495)	(0.0500)	(0.0501)
motherage	-1.518	-1.591	-1.130	-1.130	-2.596*	-2.588*	-2.119	-2.119	-1.928	-1.924	-1.439	-1.439	-1.023	-1.007	-0.720	-0.720	1.097	1.100	0.854	0.854	1.322	1.320	1.340	1.340	-1.684	-1.688	-1.237	-1.237	-1.998	-2.351	-1.798	-1.814	-3.759**	-3.911**	-3.210*	-3.248*	-4.393***	-4.499***	-3.983**	-4.117***	-1.438	-1.639	-1.057	-1.060	3.949**	3.982**	4.081**	3.974**	4.277**	4.371**	4.379**	4.252**	-3.360	-3.415	-3.478	-3.337
	(1.409)	(1.436)	(1.446)	(1.446)	(1.554)	(1.571)	(1.640)	(1.640)	(1.248)	(1.252)	(1.246)	(1.246)	(1.515)	(1.524)	(1.568)	(1.568)	(1.761)	(1.763)	(1.812)	(1.812)	(1.697)	(1.707)	(1.700)	(1.700)	(1.312)	(1.311)	(1.318)	(1.318)	(1.539)	(1.533)	(1.514)	(1.513)	(1.747)	(1.751)	(1.755)	(1.753)	(1.594)	(1.590)	(1.549)	(1.544)	(1.738)	(1.718)	(1.716)	(1.715)	(1.855)	(1.871)	(1.808)	(1.820)	(1.853)	(1.851)	(1.793)	(1.798)	(2.141)	(2.156)	(2.114)	(2.108)
motheragesq	0.0542	0.0566	0.0391	0.0391	0.0878	0.0871	0.0697	0.0697	0.0615	0.0607	0.0429	0.0429	0.0413	0.0394	0.0275	0.0275	-0.0382	-0.0365	-0.0289	-0.0289	-0.0460	-0.0456	-0.0468	-0.0468	0.0661	0.0667	0.0513	0.0513	0.0699	0.0825	0.0621	0.0626	0.129**	0.134**	0.109*	0.111*	0.150***	0.154***	0.135**	0.140**	0.0480	0.0559	0.0356	0.0357	-0.141**	-0.141**	-0.145**	-0.142**	-0.152**	-0.156**	-0.156**	-0.151**	0.120	0.121	0.123*	0.118
	(0.0508)	(0.0515)	(0.0519)	(0.0519)	(0.0543)	(0.0548)	(0.0571)	(0.0571)	(0.0441)	(0.0441)	(0.0439)	(0.0439)	(0.0542)	(0.0544)	(0.0557)	(0.0557)	(0.0635)	(0.0636)	(0.0652)	(0.0652)	(0.0602)	(0.0603)	(0.0605)	(0.0605)	(0.0483)	(0.0483)	(0.0490)	(0.0490)	(0.0557)	(0.0554)	(0.0550)	(0.0550)	(0.0614)	(0.0615)	(0.0613)	(0.0613)	(0.0570)	(0.0567)	(0.0549)	(0.0549)	(0.0628)	(0.0620)	(0.0619)	(0.0618)	(0.0659)	(0.0663)	(0.0642)	(0.0646)	(0.0656)	(0.0653)	(0.0634)	(0.0634)	(0.0749)	(0.0754)	(0.0738)	(0.0739)
motheragecub	-0.000629	-0.000655	-0.000447	-0.000447	-0.000995	-0.000985	-0.000780	-0.000780	-0.000648	-0.000635	-0.000426	-0.000426	-0.000505	-0.000470	-0.000317	-0.000317	0.000435	0.000399	0.000323	0.000323	0.000472	0.000465	0.000482	0.000482	-0.000826	-0.000836	-0.000668	-0.000668	-0.000802	-0.000942	-0.000702	-0.000709	-0.00147**	-0.00153**	-0.00125*	-0.00127*	-0.00167**	-0.00170**	-0.00149**	-0.00154**	-0.000539	-0.000630	-0.000402	-0.000403	0.00159**	0.00159**	0.00164**	0.00160**	0.00168**	0.00172**	0.00172**	0.00167**	-0.00140	-0.00142	-0.00144*	-0.00138
	(0.000600)	(0.000605)	(0.000609)	(0.000609)	(0.000620)	(0.000625)	(0.000649)	(0.000649)	(0.000508)	(0.000507)	(0.000503)	(0.000503)	(0.000632)	(0.000631)	(0.000645)	(0.000645)	(0.000748)	(0.000748)	(0.000766)	(0.000766)	(0.000697)	(0.000697)	(0.000703)	(0.000703)	(0.000571)	(0.000572)	(0.000585)	(0.000585)	(0.000659)	(0.000655)	(0.000652)	(0.000653)	(0.000703)	(0.000704)	(0.000699)	(0.000698)	(0.000668)	(0.000663)	(0.000637)	(0.000639)	(0.000731)	(0.000720)	(0.000718)	(0.000718)	(0.000765)	(0.000767)	(0.000745)	(0.000749)	(0.000760)	(0.000755)	(0.000735)	(0.000734)	(0.000857)	(0.000862)	(0.000842)	(0.000847)
agefirstbirth	0.0289***	0.0242***	0.00814	0.00814	0.0297***	0.0274***	0.0171**	0.0171**	0.0383***	0.0345***	0.0223***	0.0223***	0.0200***	0.0150**	0.00472	0.00472	-0.0138*	-0.0165**	-0.0130	-0.0130	-0.0151*	-0.0118	-0.00952	-0.00952	0.0110*	0.0114*	0.00308	0.00308	0.0266***	0.0202**	0.00537	0.00506	0.0433***	0.0386***	0.0204**	0.0195**	0.0456***	0.0407***	0.0253***	0.0224***	0.0382***	0.0297***	0.0165*	0.0164*	-0.00439	-0.00356	-0.00615	-0.00846	-0.0161*	-0.0112	-0.0117	-0.0145	0.00219	0.00135	-0.00755	-0.00452
	(0.00621)	(0.00640)	(0.00688)	(0.00688)	(0.00662)	(0.00686)	(0.00750)	(0.00750)	(0.00600)	(0.00607)	(0.00640)	(0.00640)	(0.00660)	(0.00680)	(0.00747)	(0.00747)	(0.00778)	(0.00821)	(0.00877)	(0.00877)	(0.00784)	(0.00836)	(0.00880)	(0.00880)	(0.00589)	(0.00645)	(0.00691)	(0.00691)	(0.00745)	(0.00803)	(0.00822)	(0.00823)	(0.00724)	(0.00789)	(0.00831)	(0.00840)	(0.00675)	(0.00695)	(0.00744)	(0.00740)	(0.00904)	(0.0100)	(0.00952)	(0.00942)	(0.00839)	(0.00895)	(0.00969)	(0.00978)	(0.00853)	(0.00921)	(0.00949)	(0.00961)	(0.00869)	(0.00919)	(0.00934)	(0.00943)
_mother_edu1			0.398*	0.398*			-0.402	-0.402			-0.237	-0.237			0.282	0.282			0.535**	0.535**			0.0756	0.0756			-0.524*	-0.524*			0.0536	0.0520			-0.368*	-0.372*			-0.0261	-0.0373			0.0306	0.0304			0.436**	0.426**			0.0576	0.0465			-0.141	-0.128
			(0.225)	(0.225)			(0.257)	(0.257)			(0.188)	(0.188)			(0.193)	(0.193)			(0.260)	(0.260)			(0.252)	(0.252)			(0.301)	(0.301)			(0.187)	(0.187)			(0.218)	(0.217)			(0.205)	(0.199)			(0.179)	(0.180)			(0.197)	(0.197)			(0.225)	(0.225)			(0.264)	(0.266)
_mother_edu2			0.429**	0.429**			-0.219	-0.219			-0.193	-0.193			0.403**	0.403**			0.527**	0.527**			-0.00751	-0.00751			-0.561*	-0.561*			0.0751	0.0742			-0.213	-0.214			0.0647	0.0619			0.392***	0.392***			0.286*	0.284*			-0.0564	-0.0591			-0.335	-0.332
			(0.210)	(0.210)			(0.241)	(0.241)			(0.165)	(0.165)			(0.183)	(0.183)			(0.232)	(0.232)			(0.220)	(0.220)			(0.295)	(0.295)			(0.171)	(0.172)			(0.198)	(0.197)			(0.189)	(0.184)			(0.146)	(0.146)			(0.173)	(0.171)			(0.200)	(0.200)			(0.248)	(0.249)
_mother_edu3			0.513**	0.513**			-0.0395	-0.0395			-0.131	-0.131			0.494***	0.494***			0.501**	0.501**			0.164	0.164			-0.529*	-0.529*			0.248	0.247			-0.180	-0.181			0.0103	0.00665			0.379**	0.378**			0.466***	0.462***			0.0721	0.0678			-0.129	-0.124
			(0.219)	(0.219)			(0.240)	(0.240)			(0.173)	(0.173)			(0.191)	(0.191)			(0.241)	(0.241)			(0.232)	(0.232)			(0.298)	(0.298)			(0.177)	(0.177)			(0.195)	(0.193)			(0.194)	(0.189)			(0.153)	(0.153)			(0.180)	(0.179)			(0.211)	(0.211)			(0.250)	(0.252)
_mother_edu4			0.682***	0.682***			-0.00144	-0.00144			-0.0536	-0.0536			0.642***	0.642***			0.486**	0.486**			0.126	0.126			-0.417	-0.417			0.290*	0.289			0.00466	0.00276			0.125	0.119			0.456***	0.456***			0.284	0.279			0.116	0.110			-0.159	-0.152
			(0.221)	(0.221)			(0.239)	(0.239)			(0.172)	(0.172)			(0.194)	(0.194)			(0.239)	(0.239)			(0.230)	(0.230)			(0.296)	(0.296)			(0.176)	(0.177)			(0.193)	(0.192)			(0.190)	(0.185)			(0.144)	(0.145)			(0.177)	(0.176)			(0.204)	(0.205)			(0.247)	(0.249)
_mother_edu5			0.996***	0.996***			0.178	0.178			0.0832	0.0832			0.716***	0.716***			0.427	0.427			0.161	0.161			-0.375	-0.375			0.603***	0.600***			0.124	0.116			0.209	0.182			0.534***	0.533***			0.433*	0.411*			0.141	0.114			-0.210	-0.181
			(0.245)	(0.245)			(0.256)	(0.256)			(0.189)	(0.189)			(0.211)	(0.211)			(0.277)	(0.277)			(0.261)	(0.261)			(0.334)	(0.334)			(0.211)	(0.211)			(0.216)	(0.217)			(0.216)	(0.213)			(0.182)	(0.183)			(0.233)	(0.231)			(0.244)	(0.242)			(0.299)	(0.302)
_inc1			-0.336***	-0.336***			-0.0839	-0.0839			-0.333***	-0.333***			-0.0519	-0.0519			0.162	0.162			0.263	0.263			-0.244**	-0.244**			-0.242*	-0.241*			-0.475***	-0.473***			-0.622***	-0.614***			-0.360***	-0.360***			-0.267*	-0.261*			0.0406	0.0480			-0.0605	-0.0687
			(0.125)	(0.125)			(0.147)	(0.147)			(0.124)	(0.124)			(0.152)	(0.152)			(0.157)	(0.157)			(0.167)	(0.167)			(0.122)	(0.122)			(0.125)	(0.125)			(0.128)	(0.128)			(0.115)	(0.115)			(0.126)	(0.126)			(0.148)	(0.148)			(0.146)	(0.145)			(0.163)	(0.161)
_inc2			-0.262**	-0.262**			-0.0811	-0.0811			-0.214*	-0.214*			-0.0976	-0.0976			0.0588	0.0588			0.245*	0.245*			-0.119	-0.119			-0.119	-0.120			-0.310***	-0.313***			-0.397***	-0.407***			-0.262**	-0.262**			-0.0393	-0.0481			0.167	0.157			-0.184	-0.173
			(0.113)	(0.113)			(0.125)	(0.125)			(0.115)	(0.115)			(0.158)	(0.158)			(0.136)	(0.136)			(0.140)	(0.140)			(0.110)	(0.110)			(0.104)	(0.104)			(0.107)	(0.107)			(0.0987)	(0.0992)			(0.125)	(0.126)			(0.129)	(0.129)			(0.125)	(0.125)			(0.141)	(0.141)
_inc3			-0.0141	-0.0141			-0.0736	-0.0736			-0.111	-0.111			0.0754	0.0754			0.0848	0.0848			0.184	0.184			-0.104	-0.104			-0.0315	-0.0334			-0.245**	-0.251***			-0.243***	-0.265***			-0.111	-0.111			0.0284	0.0112			0.224*	0.203*			-0.211	-0.189
			(0.0886)	(0.0886)			(0.104)	(0.104)			(0.0943)	(0.0943)			(0.114)	(0.114)			(0.123)	(0.123)			(0.123)	(0.123)			(0.109)	(0.109)			(0.0962)	(0.0959)			(0.0952)	(0.0959)			(0.0931)	(0.0932)			(0.105)	(0.107)			(0.120)	(0.120)			(0.118)	(0.118)			(0.131)	(0.131)
_inc4			-0.0567	-0.0567			0.0384	0.0384			0.0880	0.0880			0.161	0.161			0.0973	0.0973			0.0941	0.0941			-0.0272	-0.0272			-0.00558	-0.00572			-0.243***	-0.244***			-0.192**	-0.194**			-0.0757	-0.0757			0.0945	0.0931			0.0299	0.0284			-0.0166	-0.0148
			(0.0831)	(0.0831)			(0.0925)	(0.0925)			(0.0811)	(0.0811)			(0.103)	(0.103)			(0.119)	(0.119)			(0.114)	(0.114)			(0.115)	(0.115)			(0.0977)	(0.0976)			(0.0917)	(0.0918)			(0.0842)	(0.0839)			(0.102)	(0.102)			(0.119)	(0.119)			(0.107)	(0.107)			(0.137)	(0.136)
height		0.497	0.483	0.483		0.170	0.175	0.175		0.135	0.0828	0.0828		-0.276	-0.211	-0.211		1.008*	1.067*	1.067*		-0.0140	0.0568	0.0568		0.0586	0.00278	0.00278		0.0463	-0.0339	-0.0315		-0.244	-0.339	-0.335		-0.376	-0.501	-0.489		0.359	0.313	0.313		0.575	0.560	0.571		-0.0285	-0.0121	0.000964		-0.245	-0.267	-0.282
		(0.402)	(0.385)	(0.385)		(0.472)	(0.455)	(0.455)		(0.370)	(0.367)	(0.367)		(0.442)	(0.446)	(0.446)		(0.556)	(0.552)	(0.552)		(0.537)	(0.538)	(0.538)		(0.443)	(0.441)	(0.441)		(0.456)	(0.454)	(0.454)		(0.498)	(0.485)	(0.484)		(0.417)	(0.412)	(0.407)		(0.443)	(0.438)	(0.438)		(0.534)	(0.531)	(0.530)		(0.525)	(0.524)	(0.524)		(0.538)	(0.537)	(0.533)
daily_cig_before_preg		-0.00867*	-0.00265	-0.00265		-0.00480	-0.000886	-0.000886		-0.00759*	-0.00264	-0.00264		-0.0125***	-0.00763	-0.00763		-0.00120	-0.00187	-0.00187		0.00703	0.00644	0.00644		0.00140	0.00398	0.00398		-0.0161***	-0.0117**	-0.0119**		-0.0127**	-0.00778	-0.00832*		-0.0132***	-0.00847*	-0.0104**		-0.0177***	-0.0129***	-0.0129***		0.00362	0.00652	0.00502		0.00937*	0.0107*	0.00895		-0.00330	-0.00185	0.000113
		(0.00448)	(0.00452)	(0.00452)		(0.00484)	(0.00499)	(0.00499)		(0.00393)	(0.00400)	(0.00400)		(0.00452)	(0.00469)	(0.00469)		(0.00535)	(0.00553)	(0.00553)		(0.00550)	(0.00573)	(0.00573)		(0.00507)	(0.00512)	(0.00512)		(0.00491)	(0.00505)	(0.00505)		(0.00494)	(0.00495)	(0.00494)		(0.00435)	(0.00434)	(0.00430)		(0.00477)	(0.00495)	(0.00500)		(0.00543)	(0.00543)	(0.00550)		(0.00543)	(0.00561)	(0.00570)		(0.00454)	(0.00458)	(0.00463)
weekly_alcohol_b_preg		-0.00572	-0.00611	-0.00611		-0.00384	-0.00330	-0.00330		-0.00317	-0.00277	-0.00277		-0.00422	-0.00403	-0.00403		0.00585	0.00572	0.00572		-0.00101	-0.00181	-0.00181		0.00301	0.00314	0.00314		-0.00133	-0.00134	-0.00133		-0.00162	-0.00220	-0.00207		-0.00790*	-0.00889**	-0.00847**		0.000199	-8.00e-05	-7.14e-05		0.00113	0.00118	0.00153		-0.00112	-0.000770	-0.000357		0.00121	0.00119	0.000738
		(0.00406)	(0.00423)	(0.00423)		(0.00521)	(0.00500)	(0.00500)		(0.00418)	(0.00399)	(0.00399)		(0.00464)	(0.00441)	(0.00441)		(0.00499)	(0.00503)	(0.00503)		(0.00594)	(0.00614)	(0.00614)		(0.00624)	(0.00606)	(0.00606)		(0.00354)	(0.00350)	(0.00350)		(0.00375)	(0.00362)	(0.00364)		(0.00409)	(0.00371)	(0.00368)		(0.00374)	(0.00356)	(0.00357)		(0.00478)	(0.00461)	(0.00457)		(0.00591)	(0.00595)	(0.00586)		(0.00566)	(0.00553)	(0.00565)
complications_during_preg		-0.0620	-0.0593	-0.0593		-0.00916	-0.0104	-0.0104		-0.0684	-0.0597	-0.0597		-0.0703	-0.0769	-0.0769		0.00436	0.000396	0.000396		0.0633	0.0571	0.0571		0.00221	0.00986	0.00986		-0.00816	-0.0221	-0.0231		0.0490	0.0392	0.0368		-0.131**	-0.137**	-0.146**		0.0327	-0.00256	-0.00272		0.127*	0.128*	0.122		0.108	0.103	0.0948		0.0344	0.0553	0.0639
		(0.0619)	(0.0594)	(0.0594)		(0.0654)	(0.0650)	(0.0650)		(0.0603)	(0.0590)	(0.0590)		(0.0681)	(0.0667)	(0.0667)		(0.0757)	(0.0759)	(0.0759)		(0.0740)	(0.0745)	(0.0745)		(0.0618)	(0.0616)	(0.0616)		(0.0624)	(0.0614)	(0.0614)		(0.0642)	(0.0635)	(0.0638)		(0.0599)	(0.0593)	(0.0593)		(0.0636)	(0.0623)	(0.0622)		(0.0735)	(0.0743)	(0.0744)		(0.0731)	(0.0735)	(0.0735)		(0.0776)	(0.0767)	(0.0764)
Constant	15.79	16.20	11.89	11.89	29.75*	29.52*	25.14	25.14	21.31	21.42	16.07	16.07	8.198	8.862	5.764	5.764	-7.667	-10.01	-8.618	-8.618	-8.856	-9.411	-9.896	-9.896	13.11	12.54	9.745	9.745	18.78	19.25	17.73	17.86	38.18**	39.97**	34.55**	34.82**	37.86***	39.61***	36.16***	37.19***	12.21	13.53	8.869	8.693	-32.44**	-33.68**	-34.53**	-33.86**	-34.20**	-35.04**	-35.14**	-34.34**	27.58	28.46	29.58	28.69
	(16.09)	(16.37)	(16.59)	(16.59)	(17.51)	(17.75)	(18.42)	(18.42)	(13.99)	(14.02)	(13.84)	(13.84)	(17.01)	(17.17)	(17.63)	(17.63)	(15.08)	(15.12)	(15.52)	(15.52)	(14.76)	(14.89)	(14.77)	(14.77)	(11.12)	(11.07)	(11.08)	(11.08)	(13.22)	(13.21)	(12.99)	(12.98)	(16.74)	(16.88)	(16.93)	(16.91)	(13.77)	(13.80)	(13.48)	(13.43)	(14.93)	(14.86)	(14.83)	(14.80)	(16.09)	(16.27)	(15.69)	(15.81)	(16.12)	(16.11)	(15.60)	(15.67)	(18.78)	(18.85)	(18.49)	(18.38)
																																																								
Observations	1,142	1,142	1,142	1,142	1,081	1,081	1,081	1,081	1,064	1,064	1,064	1,064	1,074	1,074	1,074	1,074	1,090	1,090	1,090	1,090	1,090	1,090	1,090	1,090	1,090	1,090	1,090	1,090	1,145	1,145	1,145	1,145	1,079	1,079	1,079	1,079	1,066	1,066	1,066	1,066	1,076	1,076	1,076	1,076	1,088	1,088	1,088	1,088	1,088	1,088	1,088	1,088	1,088	1,088	1,088	1,088
R-squared	0.125	0.133	0.184	0.184	0.105	0.107	0.132	0.132	0.182	0.188	0.217	0.217	0.089	0.101	0.131	0.131	0.059	0.064	0.071	0.071	0.072	0.076	0.083	0.083	0.071	0.072	0.087	0.087	0.127	0.141	0.168	0.168	0.160	0.169	0.207	0.207	0.199	0.218	0.255	0.262	0.129	0.146	0.179	0.179	0.095	0.100	0.118	0.121	0.096	0.102	0.112	0.117	0.059	0.060	0.075	0.081
Robust standard errors in parentheses																																																								
*** p<0.01, ** p<0.05, * p<0.1																																																								
