	(1)	(2)	(3)	(4)	(5)	(6)	(7)	(8)	(9)	(10)	(11)	(12)	(13)	(14)	(15)	(16)	(17)	(18)	(19)	(20)	(21)	(22)	(23)	(24)	(25)	(26)	(27)	(28)	(29)	(30)	(31)	(32)	(33)	(34)	(35)	(36)	(37)	(38)	(39)	(40)	(41)	(42)	(43)	(44)	(45)	(46)	(47)	(48)	(49)	(50)	(51)	(52)	(53)	(54)	(55)	(56)
VARIABLES	ZQ_Verbal_Similarities	ZQ_Verbal_Similarities	ZQ_Verbal_Similarities	ZQ_Verbal_Similarities	ZQ_Number_Skills	ZQ_Number_Skills	ZQ_Number_Skills	ZQ_Number_Skills	ZQ_Word_Reading	ZQ_Word_Reading	ZQ_Word_Reading	ZQ_Word_Reading	ZQ_Pattern_Construction	ZQ_Pattern_Construction	ZQ_Pattern_Construction	ZQ_Pattern_Construction	ZQ_Help_Reading_Freq	ZQ_Help_Reading_Freq	ZQ_Help_Reading_Freq	ZQ_Help_Reading_Freq	ZQ_Help_Writing_Freq	ZQ_Help_Writing_Freq	ZQ_Help_Writing_Freq	ZQ_Help_Writing_Freq	ZQ_Proactive_School_Selection	ZQ_Proactive_School_Selection	ZQ_Proactive_School_Selection	ZQ_Proactive_School_Selection	ZQ_Verbal_Similarities	ZQ_Verbal_Similarities	ZQ_Verbal_Similarities	ZQ_Verbal_Similarities	ZQ_Number_Skills	ZQ_Number_Skills	ZQ_Number_Skills	ZQ_Number_Skills	ZQ_Word_Reading	ZQ_Word_Reading	ZQ_Word_Reading	ZQ_Word_Reading	ZQ_Pattern_Construction	ZQ_Pattern_Construction	ZQ_Pattern_Construction	ZQ_Pattern_Construction	ZQ_Help_Reading_Freq	ZQ_Help_Reading_Freq	ZQ_Help_Reading_Freq	ZQ_Help_Reading_Freq	ZQ_Help_Writing_Freq	ZQ_Help_Writing_Freq	ZQ_Help_Writing_Freq	ZQ_Help_Writing_Freq	ZQ_Proactive_School_Selection	ZQ_Proactive_School_Selection	ZQ_Proactive_School_Selection	ZQ_Proactive_School_Selection
																																																								
fert	0.00687	0.0166	0.0190	0.0190	0.0246	0.0284	0.0201	0.0201	0.0109	0.0191	0.0201	0.0201	-0.0114	-0.00735	-0.00874	-0.00874	-0.0517	-0.0545	-0.0422	-0.0422	-0.0736*	-0.0742*	-0.0765*	-0.0765*	0.0407	0.0441	0.0314	0.0314	-0.122**	-0.111**	-0.0770	-0.0809	-0.0277	-0.0219	0.000838	0.00132	-0.127***	-0.115**	-0.0753	-0.0600	-0.0261	-0.0295	0.00855	0.00283	0.0237	0.0280	0.0516	0.0677	-0.0745	-0.0760	-0.0809	-0.0565	0.00827	0.0143	0.0256	0.0258
	(0.0390)	(0.0383)	(0.0384)	(0.0384)	(0.0398)	(0.0398)	(0.0391)	(0.0391)	(0.0399)	(0.0391)	(0.0390)	(0.0390)	(0.0420)	(0.0419)	(0.0420)	(0.0420)	(0.0414)	(0.0414)	(0.0418)	(0.0418)	(0.0441)	(0.0443)	(0.0445)	(0.0445)	(0.0462)	(0.0467)	(0.0472)	(0.0472)	(0.0546)	(0.0505)	(0.0500)	(0.0507)	(0.0546)	(0.0545)	(0.0555)	(0.0558)	(0.0470)	(0.0466)	(0.0482)	(0.0488)	(0.0538)	(0.0533)	(0.0538)	(0.0541)	(0.0494)	(0.0496)	(0.0520)	(0.0522)	(0.0507)	(0.0512)	(0.0524)	(0.0530)	(0.0512)	(0.0509)	(0.0524)	(0.0541)
motherage	0.731	0.571	0.838	0.838	-0.197	-0.317	-0.294	-0.294	0.139	0.00573	0.167	0.167	-0.174	-0.300	-0.139	-0.139	0.292	0.311	0.408	0.408	0.205	0.289	0.332	0.332	-0.948	-1.097	-0.790	-0.790	-1.052	-1.203	-0.955	-0.980	-2.267	-2.390	-1.914	-1.914	-2.541*	-2.781**	-2.382*	-2.387*	0.325	0.153	0.328	0.333	0.000584	-0.0516	-0.0252	-0.00135	0.443	0.493	0.221	0.258	-0.830	-0.818	-1.100	-1.099
	(0.690)	(0.681)	(0.676)	(0.676)	(0.717)	(0.716)	(0.705)	(0.705)	(0.653)	(0.656)	(0.649)	(0.649)	(0.734)	(0.753)	(0.739)	(0.739)	(0.771)	(0.768)	(0.777)	(0.777)	(0.757)	(0.771)	(0.772)	(0.772)	(0.713)	(0.699)	(0.693)	(0.693)	(1.276)	(1.278)	(1.310)	(1.311)	(1.525)	(1.528)	(1.530)	(1.531)	(1.349)	(1.345)	(1.359)	(1.374)	(1.529)	(1.522)	(1.490)	(1.484)	(1.558)	(1.567)	(1.555)	(1.552)	(1.510)	(1.518)	(1.511)	(1.496)	(1.586)	(1.584)	(1.572)	(1.573)
motheragesq	-0.0238	-0.0183	-0.0292	-0.0292	0.00647	0.0105	0.00784	0.00784	-0.00300	0.00207	-0.00576	-0.00576	0.00998	0.0142	0.00622	0.00622	-0.0171	-0.0181	-0.0224	-0.0224	-0.0106	-0.0131	-0.0146	-0.0146	0.0328	0.0375	0.0261	0.0261	0.0386	0.0435	0.0326	0.0334	0.0891	0.0932*	0.0745	0.0745	0.0950*	0.103**	0.0868*	0.0872*	-0.0127	-0.00700	-0.0135	-0.0138	-0.000918	0.000651	-0.00166	-0.00229	-0.0179	-0.0196	-0.0107	-0.0117	0.0256	0.0252	0.0356	0.0356
	(0.0246)	(0.0244)	(0.0241)	(0.0241)	(0.0253)	(0.0252)	(0.0249)	(0.0249)	(0.0232)	(0.0232)	(0.0228)	(0.0228)	(0.0266)	(0.0271)	(0.0265)	(0.0265)	(0.0277)	(0.0276)	(0.0280)	(0.0280)	(0.0276)	(0.0280)	(0.0279)	(0.0279)	(0.0262)	(0.0257)	(0.0257)	(0.0257)	(0.0482)	(0.0482)	(0.0496)	(0.0496)	(0.0556)	(0.0558)	(0.0559)	(0.0559)	(0.0497)	(0.0496)	(0.0500)	(0.0505)	(0.0561)	(0.0557)	(0.0547)	(0.0544)	(0.0590)	(0.0593)	(0.0588)	(0.0587)	(0.0563)	(0.0564)	(0.0564)	(0.0558)	(0.0577)	(0.0575)	(0.0571)	(0.0571)
motheragecub	0.000232	0.000172	0.000301	0.000301	-7.89e-05	-0.000121	-8.28e-05	-8.28e-05	1.49e-05	-4.24e-05	5.79e-05	5.79e-05	-0.000141	-0.000184	-8.05e-05	-8.05e-05	0.000223	0.000237	0.000293	0.000293	0.000127	0.000149	0.000166	0.000166	-0.000351	-0.000398	-0.000265	-0.000265	-0.000495	-0.000545	-0.000400	-0.000410	-0.00115*	-0.00119*	-0.000952	-0.000952	-0.00115*	-0.00122**	-0.00102*	-0.00102*	0.000137	8.21e-05	0.000165	0.000166	-1.23e-05	-2.70e-05	6.56e-06	1.66e-05	0.000153	0.000170	6.87e-05	8.39e-05	-0.000284	-0.000283	-0.000402	-0.000402
	(0.000273)	(0.000270)	(0.000267)	(0.000267)	(0.000276)	(0.000276)	(0.000273)	(0.000273)	(0.000257)	(0.000256)	(0.000252)	(0.000252)	(0.000297)	(0.000301)	(0.000294)	(0.000294)	(0.000307)	(0.000307)	(0.000311)	(0.000311)	(0.000309)	(0.000312)	(0.000312)	(0.000312)	(0.000294)	(0.000289)	(0.000291)	(0.000291)	(0.000594)	(0.000594)	(0.000614)	(0.000614)	(0.000659)	(0.000661)	(0.000664)	(0.000665)	(0.000597)	(0.000595)	(0.000598)	(0.000605)	(0.000668)	(0.000662)	(0.000650)	(0.000648)	(0.000728)	(0.000730)	(0.000724)	(0.000723)	(0.000683)	(0.000685)	(0.000686)	(0.000679)	(0.000683)	(0.000681)	(0.000676)	(0.000676)
agefirstbirth	-0.00683	-0.00517	-0.00522	-0.00522	-0.0194	-0.0185	-0.0107	-0.0107	0.000294	0.00111	0.00569	0.00569	-0.0194	-0.0186	-0.0105	-0.0105	0.0120	0.0106	0.0132	0.0132	-0.00438	-0.00548	-0.00554	-0.00554	-0.0111	-0.0101	-0.0153	-0.0153	0.0302***	0.0286***	0.0142	0.0176	0.0320***	0.0291**	0.0123	0.0119	0.0519***	0.0470***	0.0294***	0.0157	0.0295***	0.0237**	0.0109	0.0161	0.00858	0.00823	0.00498	-0.00950	-0.00921	-0.00785	-0.00790	-0.0298**	-0.00425	-0.00252	-0.0124	-0.0126
	(0.0166)	(0.0162)	(0.0160)	(0.0160)	(0.0165)	(0.0160)	(0.0156)	(0.0156)	(0.0150)	(0.0143)	(0.0144)	(0.0144)	(0.0173)	(0.0169)	(0.0171)	(0.0171)	(0.0195)	(0.0196)	(0.0193)	(0.0193)	(0.0191)	(0.0188)	(0.0185)	(0.0185)	(0.0123)	(0.0124)	(0.0119)	(0.0119)	(0.00994)	(0.00992)	(0.01000)	(0.0117)	(0.0112)	(0.0115)	(0.0112)	(0.0128)	(0.0106)	(0.0106)	(0.0101)	(0.0118)	(0.00923)	(0.00937)	(0.00955)	(0.0109)	(0.0115)	(0.0117)	(0.0120)	(0.0140)	(0.0117)	(0.0119)	(0.0120)	(0.0133)	(0.0103)	(0.0105)	(0.0106)	(0.0120)
miss_motherage	5.858	4.631	6.277	6.277	-2.579	-3.482	-3.582	-3.582	1.829	1.107	2.205	2.205	-0.871	-1.877	-0.826	-0.826	-2.156	-2.047	-0.732	-0.732	1.308	2.164	2.938	2.938	-7.692	-9.124	-6.762	-6.762	-10.33	-11.93	-10.01	-10.27	-20.42	-21.55	-17.42	-17.42	-22.29*	-24.63**	-21.13*	-21.08*	1.751	0.225	2.009	2.015	-1.369	-2.075	-2.201	-1.878	2.618	2.961	0.266	0.757	-8.611	-8.556	-10.81	-10.80
	(6.274)	(6.180)	(6.164)	(6.164)	(6.596)	(6.584)	(6.485)	(6.485)	(6.095)	(6.128)	(6.123)	(6.123)	(6.527)	(6.740)	(6.681)	(6.681)	(6.976)	(6.910)	(6.965)	(6.965)	(6.681)	(6.866)	(6.883)	(6.883)	(6.281)	(6.134)	(6.021)	(6.021)	(11.14)	(11.18)	(11.41)	(11.43)	(13.64)	(13.67)	(13.70)	(13.70)	(11.95)	(11.92)	(12.07)	(12.19)	(13.58)	(13.53)	(13.23)	(13.18)	(13.47)	(13.56)	(13.46)	(13.43)	(13.27)	(13.36)	(13.29)	(13.16)	(14.23)	(14.21)	(14.12)	(14.14)
miss_agefirstbirth	0	0	0	0	0	0	0	0	0	0	0	0	0	0	0	0	0	0	0	0	0	0	0	0	0	0	0	0	0	0	0	0	0	0	0	0	0	0	0	0	0	0	0	0	0	0	0	0	0	0	0	0	0	0	0	0
	(0)	(0)	(0)	(0)	(0)	(0)	(0)	(0)	(0)	(0)	(0)	(0)	(0)	(0)	(0)	(0)	(0)	(0)	(0)	(0)	(0)	(0)	(0)	(0)	(0)	(0)	(0)	(0)	(0)	(0)	(0)	(0)	(0)	(0)	(0)	(0)	(0)	(0)	(0)	(0)	(0)	(0)	(0)	(0)	(0)	(0)	(0)	(0)	(0)	(0)	(0)	(0)	(0)	(0)	(0)	(0)
_mother_edu1			-0.495***	-0.495***			-0.731***	-0.731***			-0.546***	-0.546***			-0.664***	-0.664***			0.213	0.213			0.138	0.138			-0.136	-0.136			-0.589***	-0.596***			-0.533***	-0.532***			-0.402**	-0.371**			-0.363**	-0.376**			0.0211	0.0541			-0.117	-0.0671			-0.195	-0.195
			(0.151)	(0.151)			(0.151)	(0.151)			(0.134)	(0.134)			(0.160)	(0.160)			(0.173)	(0.173)			(0.182)	(0.182)			(0.200)	(0.200)			(0.153)	(0.155)			(0.161)	(0.162)			(0.157)	(0.158)			(0.180)	(0.180)			(0.191)	(0.190)			(0.182)	(0.180)			(0.201)	(0.202)
_mother_edu2			-0.408***	-0.408***			-0.580***	-0.580***			-0.419***	-0.419***			-0.459***	-0.459***			0.277	0.277			0.118	0.118			-0.335*	-0.335*			-0.577***	-0.584***			-0.545***	-0.544***			-0.396**	-0.361**			-0.405**	-0.418**			0.167	0.204			0.0955	0.153			-0.0802	-0.0797
			(0.136)	(0.136)			(0.141)	(0.141)			(0.131)	(0.131)			(0.132)	(0.132)			(0.179)	(0.179)			(0.171)	(0.171)			(0.174)	(0.174)			(0.155)	(0.157)			(0.169)	(0.171)			(0.160)	(0.161)			(0.164)	(0.164)			(0.200)	(0.199)			(0.194)	(0.192)			(0.191)	(0.191)
_mother_edu3			-0.451***	-0.451***			-0.400***	-0.400***			-0.306***	-0.306***			-0.443***	-0.443***			0.188	0.188			-0.0202	-0.0202			-0.293*	-0.293*			-0.455***	-0.460***			-0.453***	-0.452***			-0.288**	-0.262**			-0.170	-0.180			0.00231	0.0295			-0.0987	-0.0574			-0.0741	-0.0737
			(0.109)	(0.109)			(0.107)	(0.107)			(0.0976)	(0.0976)			(0.111)	(0.111)			(0.146)	(0.146)			(0.138)	(0.138)			(0.161)	(0.161)			(0.135)	(0.136)			(0.127)	(0.129)			(0.128)	(0.129)			(0.142)	(0.143)			(0.172)	(0.171)			(0.153)	(0.152)			(0.176)	(0.177)
_mother_edu4			-0.332***	-0.332***			-0.242**	-0.242**			-0.185*	-0.185*			-0.268**	-0.268**			0.158	0.158			-0.00947	-0.00947			-0.300*	-0.300*			-0.344**	-0.348**			-0.400***	-0.400***			-0.266*	-0.241*			-0.103	-0.112			0.194	0.220			0.0165	0.0570			0.0360	0.0364
			(0.113)	(0.113)			(0.112)	(0.112)			(0.0999)	(0.0999)			(0.112)	(0.112)			(0.153)	(0.153)			(0.143)	(0.143)			(0.163)	(0.163)			(0.140)	(0.141)			(0.128)	(0.130)			(0.136)	(0.137)			(0.149)	(0.150)			(0.180)	(0.179)			(0.162)	(0.159)			(0.192)	(0.192)
_mother_edu5			-0.263***	-0.263***			-0.212**	-0.212**			-0.107	-0.107			-0.174*	-0.174*			0.219	0.219			-0.0122	-0.0122			-0.0657	-0.0657			-0.309**	-0.311**			-0.194*	-0.194*			-0.136	-0.125			-0.103	-0.107			-0.00379	0.00751			0.0588	0.0759			0.114	0.114
			(0.0977)	(0.0977)			(0.0974)	(0.0974)			(0.0856)	(0.0856)			(0.0936)	(0.0936)			(0.136)	(0.136)			(0.126)	(0.126)			(0.155)	(0.155)			(0.123)	(0.124)			(0.112)	(0.113)			(0.115)	(0.116)			(0.129)	(0.128)			(0.160)	(0.158)			(0.144)	(0.141)			(0.167)	(0.167)
_mother_edu7			-0.562**	-0.562**			-0.337*	-0.337*			-0.299	-0.299			-0.610***	-0.610***			-0.261	-0.261			-0.214	-0.214			0.0500	0.0500			-0.679***	-0.687***			-0.459**	-0.458**			-0.426**	-0.387**			-0.470***	-0.485***			-0.190	-0.149			-0.0399	0.0226			0.178	0.179
			(0.227)	(0.227)			(0.185)	(0.185)			(0.183)	(0.183)			(0.177)	(0.177)			(0.211)	(0.211)			(0.236)	(0.236)			(0.301)	(0.301)			(0.209)	(0.211)			(0.181)	(0.183)			(0.194)	(0.195)			(0.174)	(0.175)			(0.218)	(0.218)			(0.207)	(0.205)			(0.294)	(0.295)
_inc1			0.387	0.387			-0.235	-0.235			-0.00641	-0.00641			0.273	0.273			-0.771***	-0.771***			-0.889***	-0.889***			0.622	0.622			-0.234	-0.231			-0.0712	-0.0716			0.0550	0.0437			0.517	0.521			-0.662**	-0.676**			-0.868***	-0.890***			0.644	0.644
			(0.388)	(0.388)			(0.268)	(0.268)			(0.218)	(0.218)			(0.314)	(0.314)			(0.222)	(0.222)			(0.174)	(0.174)			(0.574)	(0.574)			(0.270)	(0.267)			(0.381)	(0.382)			(0.334)	(0.318)			(0.395)	(0.394)			(0.298)	(0.328)			(0.248)	(0.239)			(0.745)	(0.745)
_inc2			-0.437***	-0.437***			-0.0823	-0.0823			-0.315***	-0.315***			-0.258**	-0.258**			-0.0995	-0.0995			0.137	0.137			-0.199*	-0.199*			-0.222*	-0.225*			-0.169	-0.168			-0.351***	-0.336***			-0.164	-0.170			-0.274**	-0.259**			0.134	0.156			-0.0393	-0.0391
			(0.106)	(0.106)			(0.107)	(0.107)			(0.0920)	(0.0920)			(0.113)	(0.113)			(0.112)	(0.112)			(0.123)	(0.123)			(0.106)	(0.106)			(0.118)	(0.118)			(0.120)	(0.120)			(0.109)	(0.109)			(0.116)	(0.116)			(0.127)	(0.127)			(0.125)	(0.124)			(0.143)	(0.143)
_inc3			-0.269***	-0.269***			-0.00567	-0.00567			-0.242***	-0.242***			-0.254**	-0.254**			-0.161	-0.161			0.0585	0.0585			-0.179*	-0.179*			-0.240**	-0.242**			-0.180*	-0.179*			-0.319***	-0.309***			-0.175*	-0.179*			-0.110	-0.0998			0.0555	0.0711			-0.254**	-0.254**
			(0.0939)	(0.0939)			(0.0936)	(0.0936)			(0.0831)	(0.0831)			(0.102)	(0.102)			(0.103)	(0.103)			(0.106)	(0.106)			(0.0969)	(0.0969)			(0.105)	(0.104)			(0.0988)	(0.0989)			(0.0979)	(0.0972)			(0.0945)	(0.0941)			(0.117)	(0.117)			(0.109)	(0.109)			(0.120)	(0.120)
_inc4			-0.0751	-0.0751			-0.0974	-0.0974			-0.1000	-0.1000			-0.0663	-0.0663			0.0315	0.0315			0.00355	0.00355			-0.0320	-0.0320			-0.109	-0.109			-0.138	-0.138			-0.104	-0.107			-0.0552	-0.0541			-0.0139	-0.0171			0.0514	0.0466			-0.162	-0.162
			(0.0815)	(0.0815)			(0.0722)	(0.0722)			(0.0681)	(0.0681)			(0.0762)	(0.0762)			(0.0927)	(0.0927)			(0.0915)	(0.0915)			(0.102)	(0.102)			(0.0992)	(0.0994)			(0.0952)	(0.0953)			(0.0976)	(0.0965)			(0.0915)	(0.0918)			(0.109)	(0.109)			(0.105)	(0.105)			(0.132)	(0.132)
_inc6			0.0867	0.0867			-0.0222	-0.0222			-0.0269	-0.0269			-0.0978	-0.0978			0.0515	0.0515			-0.00181	-0.00181			0.0922	0.0922			0.00363	0.00242			0.153	0.153			0.135*	0.139*			0.151	0.150			0.000502	0.00466			-0.00182	0.00447			0.00610	0.00617
			(0.0662)	(0.0662)			(0.0669)	(0.0669)			(0.0638)	(0.0638)			(0.0813)	(0.0813)			(0.0900)	(0.0900)			(0.0876)	(0.0876)			(0.0941)	(0.0941)			(0.0964)	(0.0964)			(0.0934)	(0.0935)			(0.0813)	(0.0812)			(0.0964)	(0.0964)			(0.118)	(0.118)			(0.106)	(0.106)			(0.146)	(0.146)
height		0.0177	-0.122	-0.122		0.246	0.175	0.175		0.163	0.0464	0.0464		-0.236	-0.341	-0.341		0.546	0.498	0.498		0.631	0.678	0.678		0.0304	-0.0378	-0.0378		0.0350	-0.0811	-0.0780		0.00813	-0.0559	-0.0560		0.135	0.00907	0.00305		0.455	0.381	0.383		0.265	0.212	0.203		0.157	0.175	0.162		-0.384	-0.447	-0.447
		(0.350)	(0.340)	(0.340)		(0.381)	(0.372)	(0.372)		(0.315)	(0.305)	(0.305)		(0.375)	(0.367)	(0.367)		(0.424)	(0.419)	(0.419)		(0.421)	(0.421)	(0.421)		(0.403)	(0.393)	(0.393)		(0.396)	(0.395)	(0.395)		(0.467)	(0.457)	(0.457)		(0.415)	(0.409)	(0.406)		(0.428)	(0.421)	(0.420)		(0.490)	(0.489)	(0.489)		(0.481)	(0.480)	(0.481)		(0.535)	(0.527)	(0.527)
daily_cig_before_preg		-0.00172	0.00379	0.00379		-0.00478	-0.000213	-0.000213		-0.00781**	-0.00166	-0.00166		-0.00657	-0.000655	-0.000655		0.00204	0.00285	0.00285		0.00756	0.00542	0.00542		9.34e-05	0.00450	0.00450		-0.00693	-0.00292	-0.00267		-0.0103**	-0.00571	-0.00574		-0.0141***	-0.00823*	-0.00929**		-0.0143***	-0.00962**	-0.00921*		0.000157	0.00265	0.00156		0.00496	0.00482	0.00316		0.00105	0.00381	0.00380
		(0.00401)	(0.00400)	(0.00400)		(0.00416)	(0.00426)	(0.00426)		(0.00374)	(0.00381)	(0.00381)		(0.00439)	(0.00448)	(0.00448)		(0.00467)	(0.00479)	(0.00479)		(0.00501)	(0.00517)	(0.00517)		(0.00458)	(0.00454)	(0.00454)		(0.00489)	(0.00490)	(0.00497)		(0.00512)	(0.00519)	(0.00519)		(0.00437)	(0.00443)	(0.00448)		(0.00465)	(0.00477)	(0.00478)		(0.00546)	(0.00550)	(0.00547)		(0.00559)	(0.00580)	(0.00579)		(0.00580)	(0.00589)	(0.00587)
weekly_alcohol_b_preg		-0.00789**	-0.00637*	-0.00637*		-0.00442	-0.00304	-0.00304		-0.00115	0.000873	0.000873		-0.00382	-0.00197	-0.00197		-0.00147	-0.00129	-0.00129		0.00265	0.00161	0.00161		-0.00940***	-0.00815**	-0.00815**		-0.00353	-0.00327	-0.00333		-0.00636*	-0.00663*	-0.00662*		-0.00691*	-0.00693*	-0.00662		-0.00218	-0.00169	-0.00179		-0.00242	-0.00193	-0.00159		0.00138	0.00179	0.00232		-0.00309	-0.00285	-0.00285
		(0.00346)	(0.00355)	(0.00355)		(0.00405)	(0.00397)	(0.00397)		(0.00331)	(0.00332)	(0.00332)		(0.00427)	(0.00416)	(0.00416)		(0.00383)	(0.00386)	(0.00386)		(0.00465)	(0.00477)	(0.00477)		(0.00343)	(0.00348)	(0.00348)		(0.00385)	(0.00392)	(0.00391)		(0.00382)	(0.00389)	(0.00389)		(0.00406)	(0.00403)	(0.00404)		(0.00394)	(0.00386)	(0.00385)		(0.00508)	(0.00487)	(0.00482)		(0.00579)	(0.00589)	(0.00572)		(0.00553)	(0.00564)	(0.00563)
complications_during_preg		0.0657	0.0579	0.0579		-0.0342	-0.0345	-0.0345		-0.00430	-0.00891	-0.00891		-0.0288	-0.0312	-0.0312		-0.102	-0.106*	-0.106*		0.0428	0.0508	0.0508		0.0563	0.0603	0.0603		0.0194	-0.00116	-0.000955		0.00742	0.00692	0.00688		-0.107*	-0.115*	-0.116*		0.00861	-0.0118	-0.0114		0.0158	0.0169	0.0160		0.0464	0.0551	0.0537		0.0428	0.0394	0.0394
		(0.0559)	(0.0542)	(0.0542)		(0.0544)	(0.0533)	(0.0533)		(0.0511)	(0.0500)	(0.0500)		(0.0562)	(0.0559)	(0.0559)		(0.0624)	(0.0619)	(0.0619)		(0.0632)	(0.0631)	(0.0631)		(0.0656)	(0.0653)	(0.0653)		(0.0642)	(0.0626)	(0.0626)		(0.0655)	(0.0652)	(0.0653)		(0.0633)	(0.0629)	(0.0627)		(0.0631)	(0.0624)	(0.0624)		(0.0723)	(0.0721)	(0.0723)		(0.0734)	(0.0739)	(0.0737)		(0.0820)	(0.0810)	(0.0811)
miss_height		-0.609	-0.761	-0.761		-0.128	-0.0610	-0.0610		-0.592	-0.659	-0.659		-0.834	-0.887	-0.887		0.828	0.772	0.772		1.029	1.103	1.103		-0.203	-0.385	-0.385		-0.305	-0.439	-0.436		-0.0255	-0.0849	-0.0849		-0.0359	-0.200	-0.201		0.807	0.720	0.720		0.0721	0.0240	0.0147		0.102	0.183	0.169		-0.702	-0.797	-0.797
		(0.629)	(0.611)	(0.611)		(0.652)	(0.640)	(0.640)		(0.571)	(0.558)	(0.558)		(0.663)	(0.652)	(0.652)		(0.720)	(0.707)	(0.707)		(0.743)	(0.738)	(0.738)		(0.684)	(0.675)	(0.675)		(0.696)	(0.692)	(0.691)		(0.780)	(0.761)	(0.761)		(0.714)	(0.702)	(0.699)		(0.718)	(0.708)	(0.707)		(0.820)	(0.819)	(0.816)		(0.832)	(0.829)	(0.828)		(0.922)	(0.913)	(0.913)
miss_daily_cig_before_preg		-0.676***	-0.831***	-0.831***		-0.185	-0.286	-0.286		0.818***	0.650***	0.650***		-0.502**	-0.634***	-0.634***		-1.332***	-1.448***	-1.448***		-1.664***	-1.606***	-1.606***		-0.580**	-0.713***	-0.713***		0.0387	0.131	0.137		-0.234	-0.112	-0.113		-0.116	-0.00770	-0.0323		-1.077**	-1.007**	-0.997**		0.558	0.532	0.510		0.184	0.142	0.109		0.305	0.300	0.300
		(0.187)	(0.192)	(0.192)		(0.335)	(0.291)	(0.291)		(0.175)	(0.172)	(0.172)		(0.211)	(0.198)	(0.198)		(0.214)	(0.215)	(0.215)		(0.223)	(0.229)	(0.229)		(0.280)	(0.275)	(0.275)		(0.431)	(0.412)	(0.427)		(0.377)	(0.425)	(0.424)		(0.314)	(0.319)	(0.270)		(0.478)	(0.485)	(0.486)		(0.361)	(0.419)	(0.407)		(0.381)	(0.352)	(0.333)		(0.216)	(0.260)	(0.260)
miss_weekly_alcohol_b_preg		0.176	0.588*	0.588*		-0.235	-0.125	-0.125		-1.390***	-1.057***	-1.057***		-0.168	0.219	0.219		2.136***	2.120***	2.120***		2.393***	2.097***	2.097***		0.634*	1.050***	1.050***		0	0	0		0	0	0		0	0	0		0	0	0		0	0	0		0	0	0		0	0	0
		(0.280)	(0.324)	(0.324)		(0.471)	(0.526)	(0.526)		(0.355)	(0.398)	(0.398)		(0.328)	(0.443)	(0.443)		(0.393)	(0.498)	(0.498)		(0.403)	(0.477)	(0.477)		(0.330)	(0.377)	(0.377)		(0)	(0)	(0)		(0)	(0)	(0)		(0)	(0)	(0)		(0)	(0)	(0)		(0)	(0)	(0)		(0)	(0)	(0)		(0)	(0)	(0)
miss_complications_during_preg		0	0	0		0	0	0		0	0	0		0	0	0		0	0	0		0	0	0		0	0	0		0	0	0		0	0	0		0	0	0		0	0	0		0	0	0		0	0	0		0	0	0
		(0)	(0)	(0)		(0)	(0)	(0)		(0)	(0)	(0)		(0)	(0)	(0)		(0)	(0)	(0)		(0)	(0)	(0)		(0)	(0)	(0)		(0)	(0)	(0)		(0)	(0)	(0)		(0)	(0)	(0)		(0)	(0)	(0)		(0)	(0)	(0)		(0)	(0)	(0)		(0)	(0)	(0)
Constant	-5.259	-4.030	-5.367	-5.367	1.708	2.396	2.474	2.474	-2.564	-1.820	-2.429	-2.429	2.247	3.744	3.568	3.568	2.037	1.185	0.182	0.182	0.947	-0.881	-1.319	-1.319	7.874	9.299	7.163	7.163	10.47	11.83	11.09	11.34	23.11	24.25*	20.71	20.71	22.24*	24.30*	21.57*	21.55*	-2.440	-0.768	-2.466	-2.020	-1.743	-1.676	-1.605	-1.792	-1.080	-1.800	0.564	0.280	6.826	7.178	9.598	9.595
	(5.855)	(5.813)	(5.742)	(5.742)	(6.104)	(6.129)	(6.021)	(6.021)	(5.503)	(5.578)	(5.516)	(5.516)	(6.057)	(6.398)	(6.353)	(6.353)	(6.583)	(6.532)	(6.569)	(6.569)	(6.246)	(6.456)	(6.490)	(6.490)	(5.861)	(5.732)	(5.616)	(5.616)	(12.05)	(12.11)	(12.41)	(12.43)	(14.22)	(14.31)	(14.42)	(14.43)	(12.58)	(12.61)	(12.76)	(12.90)	(12.62)	(14.27)	(12.40)	(13.90)	(12.64)	(12.76)	(12.64)	(12.62)	(12.41)	(12.50)	(12.41)	(12.29)	(13.25)	(13.24)	(13.16)	(13.17)
																																																								
Observations	1,796	1,796	1,796	1,796	1,686	1,686	1,686	1,686	1,664	1,664	1,664	1,664	1,680	1,680	1,680	1,680	1,704	1,704	1,704	1,704	1,704	1,704	1,704	1,704	1,704	1,704	1,704	1,704	1,365	1,365	1,365	1,365	1,268	1,268	1,268	1,268	1,251	1,251	1,251	1,251	1,263	1,263	1,263	1,263	1,284	1,284	1,284	1,284	1,284	1,284	1,284	1,284	1,284	1,284	1,284	1,284
R-squared	0.108	0.118	0.160	0.160	0.106	0.112	0.143	0.143	0.118	0.135	0.173	0.173	0.123	0.129	0.162	0.162	0.047	0.053	0.065	0.065	0.060	0.067	0.075	0.075	0.043	0.048	0.070	0.070	0.141	0.148	0.176	0.176	0.134	0.141	0.175	0.175	0.174	0.191	0.230	0.234	0.141	0.155	0.182	0.182	0.058	0.062	0.078	0.082	0.091	0.093	0.102	0.111	0.040	0.042	0.061	0.061
Robust standard errors in parentheses																																																								
*** p<0.01, ** p<0.05, * p<0.1																																																								
