	(1)	(2)	(3)	(4)	(5)	(6)	(7)	(8)	(9)	(10)	(11)	(12)	(13)	(14)	(15)	(16)	(17)	(18)	(19)	(20)	(21)	(22)	(23)	(24)	(25)	(26)	(27)	(28)	(29)	(30)	(31)	(32)	(33)	(34)	(35)	(36)	(37)	(38)	(39)	(40)	(41)	(42)	(43)	(44)	(45)	(46)	(47)	(48)	(49)	(50)	(51)	(52)	(53)	(54)	(55)	(56)
VARIABLES	ZQ_Verbal_Similarities	ZQ_Verbal_Similarities	ZQ_Verbal_Similarities	ZQ_Verbal_Similarities	ZQ_Number_Skills	ZQ_Number_Skills	ZQ_Number_Skills	ZQ_Number_Skills	ZQ_Word_Reading	ZQ_Word_Reading	ZQ_Word_Reading	ZQ_Word_Reading	ZQ_Pattern_Construction	ZQ_Pattern_Construction	ZQ_Pattern_Construction	ZQ_Pattern_Construction	ZQ_Help_Reading_Freq	ZQ_Help_Reading_Freq	ZQ_Help_Reading_Freq	ZQ_Help_Reading_Freq	ZQ_Help_Writing_Freq	ZQ_Help_Writing_Freq	ZQ_Help_Writing_Freq	ZQ_Help_Writing_Freq	ZQ_Proactive_School_Selection	ZQ_Proactive_School_Selection	ZQ_Proactive_School_Selection	ZQ_Proactive_School_Selection	ZQ_Verbal_Similarities	ZQ_Verbal_Similarities	ZQ_Verbal_Similarities	ZQ_Verbal_Similarities	ZQ_Number_Skills	ZQ_Number_Skills	ZQ_Number_Skills	ZQ_Number_Skills	ZQ_Word_Reading	ZQ_Word_Reading	ZQ_Word_Reading	ZQ_Word_Reading	ZQ_Pattern_Construction	ZQ_Pattern_Construction	ZQ_Pattern_Construction	ZQ_Pattern_Construction	ZQ_Help_Reading_Freq	ZQ_Help_Reading_Freq	ZQ_Help_Reading_Freq	ZQ_Help_Reading_Freq	ZQ_Help_Writing_Freq	ZQ_Help_Writing_Freq	ZQ_Help_Writing_Freq	ZQ_Help_Writing_Freq	ZQ_Proactive_School_Selection	ZQ_Proactive_School_Selection	ZQ_Proactive_School_Selection	ZQ_Proactive_School_Selection
																																																								
fert	-0.00602	-0.00664	0.00374	0.00374	-0.0191	-0.0203	-0.0172	-0.0172	-0.0118	-0.0119	-0.00320	-0.00320	-0.0235	-0.0239	-0.0152	-0.0152	-0.0334	-0.0332	-0.0283	-0.0283	-0.0585*	-0.0564*	-0.0576*	-0.0576*	0.0479	0.0506	0.0457	0.0457	-0.115***	-0.111***	-0.0750**	-0.0643*	0.0127	0.0142	0.0475	0.0424	-0.0991***	-0.0951***	-0.0517	-0.0394	-0.0165	-0.0157	0.0207	0.0126	-0.0137	-0.0140	-0.0113	-0.00190	-0.0364	-0.0407	-0.0575	-0.0372	-0.0314	-0.0313	-0.0132	-0.00482
	(0.0280)	(0.0279)	(0.0276)	(0.0276)	(0.0291)	(0.0293)	(0.0289)	(0.0289)	(0.0300)	(0.0299)	(0.0297)	(0.0297)	(0.0293)	(0.0294)	(0.0292)	(0.0292)	(0.0300)	(0.0300)	(0.0304)	(0.0304)	(0.0301)	(0.0302)	(0.0306)	(0.0306)	(0.0341)	(0.0343)	(0.0353)	(0.0353)	(0.0367)	(0.0345)	(0.0350)	(0.0351)	(0.0390)	(0.0390)	(0.0398)	(0.0397)	(0.0345)	(0.0345)	(0.0352)	(0.0357)	(0.0375)	(0.0373)	(0.0368)	(0.0371)	(0.0360)	(0.0361)	(0.0368)	(0.0371)	(0.0356)	(0.0358)	(0.0364)	(0.0368)	(0.0337)	(0.0340)	(0.0347)	(0.0359)
motherage	-1.148*	-1.208*	-1.100*	-1.100*	-1.528***	-1.565***	-1.479***	-1.479***	-0.681	-0.744	-0.607	-0.607	-0.867*	-0.925*	-0.809	-0.809	0.403	0.372	0.429	0.429	0.521	0.510	0.484	0.484	-0.955*	-0.985*	-0.869	-0.869	-1.953	-2.035*	-1.872	-1.849	-1.204	-1.264	-0.924	-0.923	-1.440	-1.533	-1.234	-1.237	0.143	0.0288	0.151	0.156	-1.509	-1.484	-1.551	-1.547	0.585	0.586	0.510	0.518	-0.914	-0.891	-1.071	-1.068
	(0.655)	(0.629)	(0.617)	(0.617)	(0.540)	(0.538)	(0.527)	(0.527)	(0.575)	(0.571)	(0.571)	(0.571)	(0.508)	(0.513)	(0.502)	(0.502)	(0.547)	(0.546)	(0.545)	(0.545)	(0.554)	(0.557)	(0.554)	(0.554)	(0.568)	(0.557)	(0.548)	(0.548)	(1.223)	(1.184)	(1.181)	(1.187)	(1.147)	(1.141)	(1.113)	(1.114)	(1.110)	(1.090)	(1.103)	(1.107)	(1.043)	(1.042)	(1.001)	(0.997)	(1.090)	(1.094)	(1.082)	(1.081)	(1.006)	(1.014)	(1.011)	(0.999)	(1.113)	(1.106)	(1.096)	(1.096)
motheragesq	0.0372*	0.0391*	0.0350*	0.0350*	0.0551***	0.0564***	0.0531***	0.0531***	0.0253	0.0275	0.0222	0.0222	0.0314*	0.0331*	0.0285	0.0285	-0.0148	-0.0139	-0.0163	-0.0163	-0.0158	-0.0154	-0.0147	-0.0147	0.0273	0.0280	0.0237	0.0237	0.0645	0.0670	0.0602	0.0598	0.0504	0.0520	0.0390	0.0388	0.0531	0.0561	0.0443	0.0449	-0.00588	-0.00191	-0.00661	-0.00708	0.0506	0.0497	0.0519	0.0522	-0.0267	-0.0266	-0.0241	-0.0236	0.0259	0.0247	0.0311	0.0313
	(0.0222)	(0.0214)	(0.0210)	(0.0210)	(0.0189)	(0.0188)	(0.0184)	(0.0184)	(0.0203)	(0.0202)	(0.0201)	(0.0201)	(0.0183)	(0.0184)	(0.0180)	(0.0180)	(0.0198)	(0.0198)	(0.0197)	(0.0197)	(0.0199)	(0.0200)	(0.0199)	(0.0199)	(0.0202)	(0.0199)	(0.0196)	(0.0196)	(0.0452)	(0.0438)	(0.0438)	(0.0440)	(0.0422)	(0.0419)	(0.0410)	(0.0411)	(0.0412)	(0.0405)	(0.0410)	(0.0411)	(0.0389)	(0.0389)	(0.0374)	(0.0372)	(0.0411)	(0.0412)	(0.0407)	(0.0406)	(0.0372)	(0.0374)	(0.0374)	(0.0369)	(0.0416)	(0.0413)	(0.0409)	(0.0408)
motheragecub	-0.000389	-0.000407*	-0.000359	-0.000359	-0.000620***	-0.000634***	-0.000596***	-0.000596***	-0.000293	-0.000318	-0.000254	-0.000254	-0.000351*	-0.000367*	-0.000313	-0.000313	0.000159	0.000150	0.000181	0.000181	0.000127	0.000123	0.000117	0.000117	-0.000253	-0.000257	-0.000207	-0.000207	-0.000714	-0.000737	-0.000646	-0.000642	-0.000678	-0.000689	-0.000527	-0.000524	-0.000646	-0.000673	-0.000524	-0.000530	6.40e-05	2.16e-05	8.09e-05	8.69e-05	-0.000556	-0.000546	-0.000574	-0.000578	0.000346	0.000343	0.000315	0.000307	-0.000255	-0.000240	-0.000313	-0.000316
	(0.000240)	(0.000232)	(0.000228)	(0.000228)	(0.000208)	(0.000207)	(0.000203)	(0.000203)	(0.000228)	(0.000227)	(0.000225)	(0.000225)	(0.000205)	(0.000206)	(0.000201)	(0.000201)	(0.000224)	(0.000224)	(0.000223)	(0.000223)	(0.000224)	(0.000225)	(0.000224)	(0.000224)	(0.000223)	(0.000220)	(0.000217)	(0.000217)	(0.000545)	(0.000528)	(0.000531)	(0.000533)	(0.000504)	(0.000501)	(0.000493)	(0.000493)	(0.000499)	(0.000491)	(0.000497)	(0.000499)	(0.000472)	(0.000470)	(0.000453)	(0.000451)	(0.000505)	(0.000506)	(0.000499)	(0.000498)	(0.000449)	(0.000450)	(0.000451)	(0.000444)	(0.000506)	(0.000503)	(0.000497)	(0.000497)
agefirstbirth	-0.0106	-0.0108	-0.0116	-0.0116	0.00421	0.00328	0.00488	0.00488	0.00631	0.00466	0.00422	0.00422	0.00676	0.00587	0.00632	0.00632	0.00645	0.00682	0.00498	0.00498	-0.000232	-7.51e-06	0.000385	0.000385	-0.00680	-0.00584	-0.00948	-0.00948	0.0311***	0.0275***	0.00687	-0.00367	0.0341***	0.0313***	0.0133*	0.0178**	0.0465***	0.0410***	0.0213***	0.0105	0.0250***	0.0202***	0.00612	0.0132*	0.00698	0.00683	0.00739	-0.00107	0.00464	0.00603	0.00828	-0.00992	0.000933	0.00329	-0.00391	-0.0114
	(0.0126)	(0.0122)	(0.0121)	(0.0121)	(0.0108)	(0.0105)	(0.00977)	(0.00977)	(0.0108)	(0.0108)	(0.0104)	(0.0104)	(0.0118)	(0.0115)	(0.0114)	(0.0114)	(0.0131)	(0.0130)	(0.0130)	(0.0130)	(0.0116)	(0.0115)	(0.0116)	(0.0116)	(0.0152)	(0.0152)	(0.0151)	(0.0151)	(0.00725)	(0.00731)	(0.00753)	(0.00856)	(0.00769)	(0.00776)	(0.00779)	(0.00867)	(0.00758)	(0.00772)	(0.00807)	(0.00920)	(0.00686)	(0.00687)	(0.00692)	(0.00795)	(0.00805)	(0.00815)	(0.00841)	(0.00971)	(0.00809)	(0.00827)	(0.00854)	(0.00999)	(0.00901)	(0.00905)	(0.00909)	(0.0107)
miss_motherage	-11.87*	-12.40**	-11.41*	-11.41*	-13.85***	-14.17***	-13.05***	-13.05***	-6.056	-6.543	-4.946	-4.946	-7.188	-7.739*	-6.371	-6.371	2.152	1.777	2.393	2.393	5.342	5.271	4.966	4.966	-10.14**	-10.46**	-9.541*	-9.541*	-19.81*	-20.86**	-19.34*	-18.98*	-10.71	-11.44	-8.275	-8.329	-13.30	-14.32	-11.56	-11.42	0.610	-0.509	0.817	0.754	-15.26	-15.07	-15.71*	-15.54*	3.760	3.790	3.031	3.397	-10.31	-10.23	-11.76	-11.61
	(6.369)	(6.089)	(5.937)	(5.937)	(5.039)	(5.023)	(4.907)	(4.907)	(5.340)	(5.301)	(5.311)	(5.311)	(4.523)	(4.589)	(4.551)	(4.551)	(4.889)	(4.880)	(4.861)	(4.861)	(5.039)	(5.071)	(5.044)	(5.044)	(5.170)	(5.026)	(4.952)	(4.952)	(10.78)	(10.43)	(10.37)	(10.43)	(10.21)	(10.18)	(9.900)	(9.906)	(9.769)	(9.595)	(9.712)	(9.745)	(9.098)	(9.105)	(8.737)	(8.712)	(9.460)	(9.509)	(9.411)	(9.415)	(8.900)	(8.985)	(8.951)	(8.856)	(9.732)	(9.677)	(9.614)	(9.618)
miss_agefirstbirth	0	0	0	0	0	0	0	0	0	0	0	0	0	0	0	0	0	0	0	0	0	0	0	0	0	0	0	0	0	0	0	0	0	0	0	0	0	0	0	0	0	0	0	0	0	0	0	0	0	0	0	0	0	0	0	0
	(0)	(0)	(0)	(0)	(0)	(0)	(0)	(0)	(0)	(0)	(0)	(0)	(0)	(0)	(0)	(0)	(0)	(0)	(0)	(0)	(0)	(0)	(0)	(0)	(0)	(0)	(0)	(0)	(0)	(0)	(0)	(0)	(0)	(0)	(0)	(0)	(0)	(0)	(0)	(0)	(0)	(0)	(0)	(0)	(0)	(0)	(0)	(0)	(0)	(0)	(0)	(0)	(0)	(0)	(0)	(0)
_mother_edu1			-0.533***	-0.533***			-0.702***	-0.702***			-0.671***	-0.671***			-0.797***	-0.797***			0.235*	0.235*			0.153	0.153			-0.0219	-0.0219			-0.585***	-0.567***			-0.516***	-0.524***			-0.371***	-0.351***			-0.580***	-0.593***			0.198	0.213			0.0375	0.0696			-0.118	-0.105
			(0.118)	(0.118)			(0.123)	(0.123)			(0.108)	(0.108)			(0.121)	(0.121)			(0.122)	(0.122)			(0.125)	(0.125)			(0.131)	(0.131)			(0.114)	(0.114)			(0.127)	(0.128)			(0.134)	(0.134)			(0.131)	(0.131)			(0.136)	(0.136)			(0.127)	(0.127)			(0.134)	(0.135)
_mother_edu2			-0.517***	-0.517***			-0.633***	-0.633***			-0.565***	-0.565***			-0.644***	-0.644***			0.302**	0.302**			0.236**	0.236**			-0.0381	-0.0381			-0.499***	-0.482***			-0.524***	-0.532***			-0.379***	-0.360***			-0.482***	-0.495***			0.188	0.204			0.141	0.176			0.0898	0.104
			(0.0990)	(0.0990)			(0.114)	(0.114)			(0.104)	(0.104)			(0.112)	(0.112)			(0.125)	(0.125)			(0.119)	(0.119)			(0.136)	(0.136)			(0.115)	(0.114)			(0.131)	(0.132)			(0.133)	(0.133)			(0.131)	(0.131)			(0.143)	(0.142)			(0.131)	(0.130)			(0.147)	(0.148)
_mother_edu3			-0.368***	-0.368***			-0.348***	-0.348***			-0.357***	-0.357***			-0.423***	-0.423***			0.206**	0.206**			0.0632	0.0632			-0.165	-0.165			-0.351***	-0.338***			-0.273***	-0.279***			-0.201*	-0.187			-0.256**	-0.264**			0.0901	0.101			0.00441	0.0274			-0.0205	-0.0110
			(0.0769)	(0.0769)			(0.0898)	(0.0898)			(0.0787)	(0.0787)			(0.0906)	(0.0906)			(0.100)	(0.100)			(0.0948)	(0.0948)			(0.106)	(0.106)			(0.0957)	(0.0957)			(0.103)	(0.103)			(0.114)	(0.114)			(0.110)	(0.111)			(0.122)	(0.122)			(0.109)	(0.108)			(0.120)	(0.120)
_mother_edu4			-0.241***	-0.241***			-0.332***	-0.332***			-0.308***	-0.308***			-0.382***	-0.382***			0.189*	0.189*			0.0783	0.0783			-0.0764	-0.0764			-0.226**	-0.218**			-0.319***	-0.322***			-0.237**	-0.230**			-0.274**	-0.279**			0.247**	0.253**			0.0343	0.0469			0.136	0.142
			(0.0796)	(0.0796)			(0.0917)	(0.0917)			(0.0801)	(0.0801)			(0.0925)	(0.0925)			(0.103)	(0.103)			(0.0976)	(0.0976)			(0.111)	(0.111)			(0.1000)	(0.0996)			(0.104)	(0.104)			(0.114)	(0.115)			(0.116)	(0.116)			(0.125)	(0.124)			(0.111)	(0.110)			(0.131)	(0.132)
_mother_edu5			-0.201***	-0.201***			-0.184**	-0.184**			-0.157**	-0.157**			-0.253***	-0.253***			0.273***	0.273***			0.0553	0.0553			0.0197	0.0197			-0.122	-0.118			-0.134	-0.136			-0.0119	-0.00889			-0.135	-0.137			0.163	0.165			0.0815	0.0861			0.112	0.114
			(0.0675)	(0.0675)			(0.0831)	(0.0831)			(0.0701)	(0.0701)			(0.0808)	(0.0808)			(0.0931)	(0.0931)			(0.0862)	(0.0862)			(0.100)	(0.100)			(0.0872)	(0.0865)			(0.0926)	(0.0927)			(0.103)	(0.103)			(0.101)	(0.101)			(0.113)	(0.113)			(0.0991)	(0.0982)			(0.111)	(0.111)
_mother_edu7			-0.465***	-0.465***			-0.345**	-0.345**			-0.548***	-0.548***			-0.683***	-0.683***			0.146	0.146			0.0836	0.0836			0.236	0.236			-0.560***	-0.541***			-0.355**	-0.364**			-0.406***	-0.386**			-0.576***	-0.589***			0.282*	0.297*			0.238	0.271*			-0.00879	0.00459
			(0.150)	(0.150)			(0.141)	(0.141)			(0.159)	(0.159)			(0.146)	(0.146)			(0.168)	(0.168)			(0.165)	(0.165)			(0.229)	(0.229)			(0.146)	(0.148)			(0.150)	(0.151)			(0.152)	(0.153)			(0.150)	(0.150)			(0.165)	(0.165)			(0.161)	(0.159)			(0.172)	(0.173)
_inc1			0.285	0.285			-0.0383	-0.0383			-0.149	-0.149			0.104	0.104			-0.331	-0.331			-0.317	-0.317			0.384	0.384			-0.0171	-0.0119			-0.208	-0.211			-0.239	-0.233			0.132	0.128			-0.231	-0.226			-0.276	-0.267			0.00396	0.00785
			(0.267)	(0.267)			(0.272)	(0.272)			(0.225)	(0.225)			(0.322)	(0.322)			(0.264)	(0.264)			(0.290)	(0.290)			(0.400)	(0.400)			(0.317)	(0.316)			(0.327)	(0.328)			(0.283)	(0.287)			(0.335)	(0.337)			(0.255)	(0.260)			(0.251)	(0.249)			(0.342)	(0.342)
_inc2			-0.224***	-0.224***			-0.146*	-0.146*			-0.247***	-0.247***			-0.249***	-0.249***			-0.0976	-0.0976			-0.0149	-0.0149			-0.0549	-0.0549			-0.275***	-0.271***			-0.233***	-0.234***			-0.337***	-0.334***			-0.121	-0.123			-0.0749	-0.0726			0.152*	0.157*			-0.0920	-0.0900
			(0.0805)	(0.0805)			(0.0753)	(0.0753)			(0.0745)	(0.0745)			(0.0782)	(0.0782)			(0.0789)	(0.0789)			(0.0809)	(0.0809)			(0.0833)	(0.0833)			(0.0810)	(0.0812)			(0.0865)	(0.0865)			(0.0818)	(0.0820)			(0.0874)	(0.0873)			(0.0893)	(0.0893)			(0.0845)	(0.0841)			(0.0994)	(0.0996)
_inc3			-0.198***	-0.198***			-0.0274	-0.0274			-0.190***	-0.190***			-0.174**	-0.174**			-0.162**	-0.162**			-0.0500	-0.0500			-0.135*	-0.135*			-0.326***	-0.324***			-0.211***	-0.212***			-0.334***	-0.331***			-0.158**	-0.160**			-0.0329	-0.0307			0.0511	0.0556			-0.223***	-0.221***
			(0.0687)	(0.0687)			(0.0666)	(0.0666)			(0.0659)	(0.0659)			(0.0722)	(0.0722)			(0.0732)	(0.0732)			(0.0719)	(0.0719)			(0.0715)	(0.0715)			(0.0734)	(0.0734)			(0.0778)	(0.0778)			(0.0754)	(0.0754)			(0.0767)	(0.0766)			(0.0830)	(0.0830)			(0.0757)	(0.0753)			(0.0840)	(0.0842)
_inc4			-0.0663	-0.0663			-0.0498	-0.0498			-0.0462	-0.0462			-0.0313	-0.0313			0.0296	0.0296			-0.0785	-0.0785			-0.0226	-0.0226			-0.203***	-0.204***			-0.141**	-0.140**			-0.141**	-0.143**			-0.0625	-0.0612			0.0721	0.0706			0.0120	0.00877			-0.0927	-0.0940
			(0.0578)	(0.0578)			(0.0526)	(0.0526)			(0.0526)	(0.0526)			(0.0568)	(0.0568)			(0.0645)	(0.0645)			(0.0615)	(0.0615)			(0.0693)	(0.0693)			(0.0683)	(0.0681)			(0.0705)	(0.0704)			(0.0710)	(0.0707)			(0.0715)	(0.0715)			(0.0788)	(0.0785)			(0.0720)	(0.0714)			(0.0893)	(0.0892)
_inc6			0.0990**	0.0990**			0.0944*	0.0944*			0.0247	0.0247			-0.0229	-0.0229			-0.0812	-0.0812			-0.104*	-0.104*			0.0572	0.0572			0.0213	0.0179			0.184***	0.185***			0.157**	0.153**			0.0712	0.0740			-0.0728	-0.0761			-0.00467	-0.0117			-0.0246	-0.0275
			(0.0480)	(0.0480)			(0.0499)	(0.0499)			(0.0485)	(0.0485)			(0.0567)	(0.0567)			(0.0611)	(0.0611)			(0.0575)	(0.0575)			(0.0658)	(0.0658)			(0.0669)	(0.0666)			(0.0670)	(0.0670)			(0.0677)	(0.0678)			(0.0752)	(0.0750)			(0.0811)	(0.0814)			(0.0748)	(0.0749)			(0.0933)	(0.0931)
height		0.563*	0.394	0.394		0.358	0.166	0.166		0.640**	0.443*	0.443*		0.484*	0.289	0.289		-0.0717	-0.0610	-0.0610		0.142	0.193	0.193		0.0679	0.0132	0.0132		0.663**	0.378	0.385		0.161	-0.0971	-0.102		0.696**	0.411	0.423		0.677**	0.466	0.459		0.349	0.328	0.336		0.204	0.235	0.250		-0.313	-0.410	-0.404
		(0.289)	(0.279)	(0.279)		(0.276)	(0.268)	(0.268)		(0.269)	(0.263)	(0.263)		(0.275)	(0.268)	(0.268)		(0.298)	(0.297)	(0.297)		(0.291)	(0.290)	(0.290)		(0.297)	(0.297)	(0.297)		(0.329)	(0.318)	(0.318)		(0.339)	(0.338)	(0.338)		(0.329)	(0.326)	(0.325)		(0.318)	(0.312)	(0.311)		(0.344)	(0.346)	(0.346)		(0.337)	(0.332)	(0.333)		(0.353)	(0.350)	(0.350)
daily_cig_before_preg		-0.00219	0.00283	0.00283		-0.00308	0.00214	0.00214		-0.00330	0.00254	0.00254		-0.00275	0.00285	0.00285		-0.00304	-0.00267	-0.00267		0.00201	0.000426	0.000426		0.00145	0.00334	0.00334		-0.00592*	0.000565	0.000225		-0.00562	0.000456	0.000626		-0.00953***	-0.00248	-0.00288		-0.00754**	-0.00237	-0.00209		0.000684	0.00149	0.00116		0.00319	0.00185	0.00115		0.00278	0.00567	0.00538
		(0.00282)	(0.00288)	(0.00288)		(0.00290)	(0.00292)	(0.00292)		(0.00291)	(0.00292)	(0.00292)		(0.00301)	(0.00308)	(0.00308)		(0.00327)	(0.00337)	(0.00337)		(0.00339)	(0.00350)	(0.00350)		(0.00339)	(0.00344)	(0.00344)		(0.00325)	(0.00335)	(0.00336)		(0.00375)	(0.00379)	(0.00379)		(0.00338)	(0.00349)	(0.00349)		(0.00333)	(0.00342)	(0.00342)		(0.00370)	(0.00381)	(0.00380)		(0.00364)	(0.00377)	(0.00378)		(0.00403)	(0.00419)	(0.00418)
weekly_alcohol_b_preg		-0.00689**	-0.00587*	-0.00587*		-0.00137	-0.000173	-0.000173		-0.000960	0.000587	0.000587		-0.00619*	-0.00442	-0.00442		-0.00470	-0.00420	-0.00420		-0.000520	-0.000737	-0.000737		-0.00712***	-0.00660***	-0.00660***		0.000518	0.00126	0.00136		0.000688	0.000712	0.000634		-0.00295	-0.00293	-0.00275		0.000524	0.000771	0.000653		-0.00374	-0.00312	-0.00297		-8.88e-05	-0.000199	0.000130		-0.00122	-0.000726	-0.000591
		(0.00307)	(0.00301)	(0.00301)		(0.00255)	(0.00263)	(0.00263)		(0.00263)	(0.00256)	(0.00256)		(0.00366)	(0.00356)	(0.00356)		(0.00290)	(0.00289)	(0.00289)		(0.00301)	(0.00304)	(0.00304)		(0.00243)	(0.00242)	(0.00242)		(0.00283)	(0.00275)	(0.00277)		(0.00278)	(0.00278)	(0.00277)		(0.00293)	(0.00289)	(0.00289)		(0.00370)	(0.00351)	(0.00350)		(0.00300)	(0.00303)	(0.00302)		(0.00326)	(0.00332)	(0.00329)		(0.00403)	(0.00400)	(0.00401)
complications_during_preg		-0.0314	-0.0324	-0.0324		-0.0415	-0.0465	-0.0465		-0.00305	-0.00971	-0.00971		-0.0259	-0.0355	-0.0355		0.0243	0.0184	0.0184		0.123***	0.123***	0.123***		0.0910**	0.0956**	0.0956**		-0.0249	-0.0374	-0.0376		-0.0286	-0.0307	-0.0306		-0.0530	-0.0573	-0.0575		-0.0367	-0.0473	-0.0471		0.0294	0.0241	0.0239		0.0984**	0.101**	0.100**		0.0675	0.0607	0.0605
		(0.0412)	(0.0405)	(0.0405)		(0.0389)	(0.0381)	(0.0381)		(0.0387)	(0.0381)	(0.0381)		(0.0396)	(0.0387)	(0.0387)		(0.0428)	(0.0428)	(0.0428)		(0.0420)	(0.0421)	(0.0421)		(0.0460)	(0.0460)	(0.0460)		(0.0473)	(0.0461)	(0.0462)		(0.0476)	(0.0470)	(0.0470)		(0.0467)	(0.0461)	(0.0461)		(0.0466)	(0.0460)	(0.0459)		(0.0487)	(0.0490)	(0.0491)		(0.0477)	(0.0479)	(0.0477)		(0.0533)	(0.0527)	(0.0528)
miss_height		0.425	0.197	0.197		0.384	0.162	0.162		0.748	0.513	0.513		0.465	0.233	0.233		-0.222	-0.207	-0.207		0.244	0.328	0.328		-0.0825	-0.207	-0.207		0.589	0.214	0.235		0.0825	-0.255	-0.268		0.881	0.489	0.521		0.996*	0.720	0.700		0.463	0.445	0.467		0.352	0.429	0.475		-0.687	-0.811	-0.792
		(0.500)	(0.489)	(0.489)		(0.478)	(0.467)	(0.467)		(0.477)	(0.470)	(0.470)		(0.490)	(0.475)	(0.475)		(0.508)	(0.503)	(0.503)		(0.507)	(0.506)	(0.506)		(0.499)	(0.498)	(0.498)		(0.569)	(0.553)	(0.553)		(0.573)	(0.566)	(0.567)		(0.557)	(0.552)	(0.551)		(0.536)	(0.526)	(0.524)		(0.579)	(0.581)	(0.582)		(0.574)	(0.566)	(0.568)		(0.605)	(0.601)	(0.601)
miss_daily_cig_before_preg		-0.810***	-0.822***	-0.822***		-0.453**	-0.586***	-0.586***		0.607***	0.453***	0.453***		-0.499***	-0.593***	-0.593***		-1.475***	-1.553***	-1.553***		-1.460***	-1.429***	-1.429***		-0.478**	-0.535***	-0.535***		0.0837	0.0808	0.0706		0.616	0.564	0.570		0.114	0.0825	0.0692		-0.0671	-0.0866	-0.0778		-0.0225	-0.0608	-0.0703		0.0259	-0.0361	-0.0564		0.495***	0.485***	0.477***
		(0.146)	(0.147)	(0.147)		(0.205)	(0.192)	(0.192)		(0.141)	(0.140)	(0.140)		(0.153)	(0.147)	(0.147)		(0.147)	(0.154)	(0.154)		(0.151)	(0.155)	(0.155)		(0.193)	(0.202)	(0.202)		(0.220)	(0.219)	(0.208)		(0.409)	(0.396)	(0.400)		(0.263)	(0.235)	(0.228)		(0.517)	(0.493)	(0.495)		(0.482)	(0.468)	(0.466)		(0.386)	(0.360)	(0.354)		(0.175)	(0.185)	(0.185)
miss_weekly_alcohol_b_preg		0.256	0.384	0.384		0.162	0.267	0.267		-1.086***	-0.918***	-0.918***		0.176	0.315	0.315		1.892***	1.959***	1.959***		1.703***	1.644***	1.644***		0.785***	1.000***	1.000***		0	0	0		0	0	0		0	0	0		0	0	0		0	0	0		0	0	0		0	0	0
		(0.282)	(0.279)	(0.279)		(0.424)	(0.412)	(0.412)		(0.333)	(0.306)	(0.306)		(0.391)	(0.393)	(0.393)		(0.354)	(0.361)	(0.361)		(0.346)	(0.354)	(0.354)		(0.245)	(0.261)	(0.261)		(0)	(0)	(0)		(0)	(0)	(0)		(0)	(0)	(0)		(0)	(0)	(0)		(0)	(0)	(0)		(0)	(0)	(0)		(0)	(0)	(0)
miss_complications_during_preg		0	0	0		0	0	0		0	0	0		0	0	0		0	0	0		0	0	0		0	0	0		0	0	0		0	0	0		0	0	0		0	0	0		0	0	0		0	0	0		0	0	0
		(0)	(0)	(0)		(0)	(0)	(0)		(0)	(0)	(0)		(0)	(0)	(0)		(0)	(0)	(0)		(0)	(0)	(0)		(0)	(0)	(0)		(0)	(0)	(0)		(0)	(0)	(0)		(0)	(0)	(0)		(0)	(0)	(0)		(0)	(0)	(0)		(0)	(0)	(0)		(0)	(0)	(0)
Constant	14.02**	13.60**	13.45**	13.45**	15.65***	15.40***	15.28***	15.28***	5.066	4.507	4.067	4.067	8.461*	8.324*	8.322*	8.322*	-4.333	-3.853	-4.379	-4.379	-4.710	-4.817	-4.595	-4.595	13.67***	13.96***	13.13***	13.13***	20.66*	20.54*	20.37*	20.03*	7.167	7.220	5.636	5.678	10.39	10.32	9.242	9.273	0.0861	0.180	0.00403	0.0381	13.50	12.73	13.27	13.23	-4.084	-4.441	-3.705	-3.804	11.99	12.18	14.30	14.26
	(6.317)	(5.917)	(5.780)	(5.780)	(4.929)	(4.935)	(4.836)	(4.836)	(5.353)	(5.302)	(5.343)	(5.343)	(4.428)	(4.537)	(4.495)	(4.495)	(4.789)	(4.773)	(4.756)	(4.756)	(4.882)	(4.927)	(4.908)	(4.908)	(4.980)	(4.837)	(4.743)	(4.743)	(11.51)	(11.02)	(11.05)	(11.11)	(9.530)	(9.535)	(9.290)	(9.296)	(9.156)	(8.979)	(9.085)	(9.114)	(9.648)	(9.688)	(9.304)	(9.273)	(10.22)	(10.27)	(10.15)	(10.14)	(9.451)	(9.534)	(9.510)	(9.390)	(10.42)	(10.41)	(10.32)	(10.31)
																																																								
Observations	3,664	3,664	3,664	3,664	3,394	3,394	3,394	3,394	3,352	3,352	3,352	3,352	3,384	3,384	3,384	3,384	3,448	3,448	3,448	3,448	3,448	3,448	3,448	3,448	3,448	3,448	3,448	3,448	2,793	2,793	2,793	2,793	2,561	2,561	2,561	2,561	2,524	2,524	2,524	2,524	2,550	2,550	2,550	2,550	2,608	2,608	2,608	2,608	2,608	2,608	2,608	2,608	2,608	2,608	2,608	2,608
R-squared	0.103	0.111	0.141	0.141	0.101	0.103	0.137	0.137	0.113	0.117	0.154	0.154	0.105	0.110	0.145	0.145	0.027	0.030	0.038	0.038	0.045	0.050	0.054	0.054	0.030	0.034	0.044	0.044	0.108	0.117	0.160	0.161	0.108	0.112	0.147	0.148	0.140	0.148	0.192	0.194	0.108	0.113	0.141	0.142	0.032	0.034	0.041	0.043	0.046	0.049	0.055	0.061	0.028	0.031	0.042	0.042
Robust standard errors in parentheses																																																								
*** p<0.01, ** p<0.05, * p<0.1																																																								
