	(1)	(2)	(3)	(4)	(5)	(6)	(7)	(8)	(9)	(10)	(11)	(12)	(13)	(14)	(15)	(16)	(17)	(18)	(19)	(20)	(21)	(22)	(23)	(24)	(25)	(26)	(27)	(28)	(29)	(30)	(31)	(32)	(33)	(34)	(35)	(36)	(37)	(38)	(39)	(40)	(41)	(42)	(43)	(44)	(45)	(46)	(47)	(48)	(49)	(50)	(51)	(52)	(53)	(54)	(55)	(56)	(57)	(58)	(59)	(60)	(61)	(62)	(63)
VARIABLES	Q_Verbal_Similarities	Q_Verbal_Similarities	Q_Verbal_Similarities	Q_Number_Skills	Q_Number_Skills	Q_Number_Skills	Q_Word_Reading	Q_Word_Reading	Q_Word_Reading	Q_Pattern_Construction	Q_Pattern_Construction	Q_Pattern_Construction	Q_Help_Reading_Freq	Q_Help_Reading_Freq	Q_Help_Reading_Freq	Q_Help_Writing_Freq	Q_Help_Writing_Freq	Q_Help_Writing_Freq	Q_Proactive_School_Selection	Q_Proactive_School_Selection	Q_Proactive_School_Selection	Q_Verbal_Similarities	Q_Verbal_Similarities	Q_Verbal_Similarities	Q_Number_Skills	Q_Number_Skills	Q_Number_Skills	Q_Word_Reading	Q_Word_Reading	Q_Word_Reading	Q_Pattern_Construction	Q_Pattern_Construction	Q_Pattern_Construction	Q_Help_Reading_Freq	Q_Help_Reading_Freq	Q_Help_Reading_Freq	Q_Help_Writing_Freq	Q_Help_Writing_Freq	Q_Help_Writing_Freq	Q_Proactive_School_Selection	Q_Proactive_School_Selection	Q_Proactive_School_Selection	Q_Verbal_Similarities	Q_Verbal_Similarities	Q_Verbal_Similarities	Q_Number_Skills	Q_Number_Skills	Q_Number_Skills	Q_Word_Reading	Q_Word_Reading	Q_Word_Reading	Q_Pattern_Construction	Q_Pattern_Construction	Q_Pattern_Construction	Q_Help_Reading_Freq	Q_Help_Reading_Freq	Q_Help_Reading_Freq	Q_Help_Writing_Freq	Q_Help_Writing_Freq	Q_Help_Writing_Freq	Q_Proactive_School_Selection	Q_Proactive_School_Selection	Q_Proactive_School_Selection
																																																															
fert	1.984	1.493	1.340	0.355	0.315	0.474	8.658	7.498	7.570	-0.574	-1.286	-1.392	0.295	0.344	0.389	0.370	0.389	0.435	0.128	0.127	0.137	0.771	0.110	0.754	-0.513	-0.607	-0.460	-5.302	-7.007	-4.785	3.098	2.372	3.003	0.225	0.245	0.158	0.185	0.213	0.164	-0.0567	-0.0507	-0.0524	-6.751	-6.906	-6.739	-2.310	-2.509	-2.718*	-36.44***	-40.22***	-40.19***	1.307	-0.633	-1.014	-1.496**	-1.449**	-1.452**	-0.459	-0.385	-0.390	0.275**	0.272**	0.259**
	(2.640)	(2.568)	(2.574)	(0.829)	(0.804)	(0.817)	(12.40)	(11.67)	(12.04)	(4.379)	(4.346)	(4.432)	(0.558)	(0.586)	(0.608)	(0.618)	(0.590)	(0.621)	(0.125)	(0.120)	(0.122)	(2.099)	(2.117)	(2.193)	(0.559)	(0.572)	(0.658)	(5.521)	(5.410)	(6.457)	(3.004)	(3.186)	(2.783)	(0.483)	(0.461)	(0.454)	(0.448)	(0.447)	(0.468)	(0.0627)	(0.0596)	(0.0618)	(5.645)	(5.656)	(5.394)	(1.563)	(1.627)	(1.569)	(9.589)	(10.14)	(8.383)	(7.269)	(6.626)	(6.309)	(0.645)	(0.676)	(0.651)	(0.875)	(0.797)	(0.801)	(0.135)	(0.128)	(0.124)
_country2	-1.501*	-1.543*	-1.535*	0.375	0.358	0.360	8.956***	8.552***	8.437***	-1.030	-1.230	-1.275	-0.276*	-0.261*	-0.272*	-0.0926	-0.0784	-0.0812	0.00123	0.00281	0.00243	-1.408	-1.655	-1.553	-0.503	-0.528	-0.498	7.107*	6.559*	6.479*	-1.509	-1.571	-1.011	0.475*	-0.0436	-0.104	0.355	-0.0958	-0.0992	0.0545***	0.0179	0.0162	-1.305	-2.074	5.617***	0.861	0.912	1.029*	3.217	18.35***	16.76***	-0.605	-0.468	0.123	0.472*	0.438	0.390	0.358	0.327	0.312	-0.00842	-0.00279	-0.000210
	(0.891)	(0.886)	(0.852)	(0.241)	(0.240)	(0.236)	(3.340)	(3.261)	(3.152)	(1.420)	(1.429)	(1.398)	(0.156)	(0.156)	(0.153)	(0.140)	(0.140)	(0.138)	(0.0241)	(0.0241)	(0.0241)	(1.081)	(1.087)	(1.038)	(0.330)	(0.334)	(0.336)	(3.982)	(3.962)	(3.785)	(2.312)	(2.362)	(2.447)	(0.246)	(0.186)	(0.183)	(0.219)	(0.171)	(0.170)	(0.0189)	(0.0248)	(0.0251)	(1.655)	(1.659)	(1.707)	(0.628)	(0.630)	(0.611)	(5.025)	(6.470)	(6.074)	(3.254)	(3.223)	(3.165)	(0.271)	(0.279)	(0.284)	(0.245)	(0.245)	(0.246)	(0.0449)	(0.0448)	(0.0422)
_country4	-0.797	-1.011	-1.587	0.621*	0.577	0.490	11.12**	10.13**	8.463*	0.405	-0.0520	-0.928	-0.794***	-0.768***	-0.762***	-0.615***	-0.592**	-0.580**	0.0683	0.0718	0.0735*	-2.611*	-3.083**	-3.620**	-0.404	-0.463	-0.532	12.16**	11.39**	10.08**	-0.221	-0.457	-0.491	-0.126	-0.624**	-0.642**	-0.232	-0.653***	-0.625***	0.136***	0.102**	0.102**	-5.936***	-7.006***						14.52*	11.88				-0.210	-0.195	-0.152	-0.705**	-0.698**	-0.638*	0.150*	0.154*	0.148*
	(1.432)	(1.432)	(1.396)	(0.353)	(0.352)	(0.342)	(4.827)	(4.721)	(4.594)	(2.076)	(2.090)	(2.042)	(0.255)	(0.264)	(0.257)	(0.237)	(0.239)	(0.232)	(0.0457)	(0.0458)	(0.0439)	(1.490)	(1.480)	(1.448)	(0.388)	(0.390)	(0.383)	(4.874)	(4.856)	(4.770)	(2.737)	(2.771)	(2.818)	(0.290)	(0.282)	(0.277)	(0.250)	(0.239)	(0.237)	(0.0355)	(0.0450)	(0.0451)	(2.170)	(2.084)						(7.552)	(7.346)				(0.432)	(0.429)	(0.445)	(0.339)	(0.336)	(0.351)	(0.0799)	(0.0794)	(0.0761)
_country5	-0.775	-0.754	-0.590	0.886**	0.879**	0.893**	3.179	3.545	3.229	2.010	2.178	1.974	-0.637**	-0.656***	-0.672***	-0.733***	-0.713***	-0.714***	-0.0879***	-0.0814***	-0.0773**	0.603	0.496	0.675				6.731	6.733	6.809					-0.512*	-0.563**		-0.416	-0.392		-0.0313	-0.0305			8.092***	1.166*	1.222*	1.370**	-8.635	7.514	5.739	0.260	1.177	1.796	0.246	0.293	0.334	-0.0719	-0.0468	-0.0292	-0.0358	-0.0332	-0.0158
	(1.231)	(1.230)	(1.207)	(0.348)	(0.348)	(0.355)	(4.428)	(4.384)	(4.224)	(2.315)	(2.312)	(2.300)	(0.252)	(0.251)	(0.253)	(0.228)	(0.226)	(0.226)	(0.0307)	(0.0304)	(0.0308)	(1.339)	(1.337)	(1.297)				(5.972)	(5.900)	(5.824)					(0.281)	(0.282)		(0.255)	(0.253)		(0.0268)	(0.0272)			(2.027)	(0.701)	(0.710)	(0.690)	(5.288)	(7.897)	(7.419)	(3.967)	(3.901)	(3.823)	(0.425)	(0.427)	(0.433)	(0.356)	(0.360)	(0.360)	(0.0619)	(0.0631)	(0.0617)
_yb10	-9.335	-7.379	-6.810	-12.70***	-12.61***	-12.59***	23.31	37.43	-2.319	-27.55	-24.94	-26.81	-3.159	-3.199	-2.860	-3.711*	-3.794*	-3.672*	-0.294	-0.291	-0.272	47.34*	45.31*	31.49	9.917**	8.466*	7.152				29.23	23.64	16.43	-4.186	-3.902	-4.024	-3.348	-2.971	-2.876	0.965	0.940	0.973																					
	(11.31)	(10.89)	(10.40)	(3.524)	(3.511)	(3.385)	(78.82)	(77.06)	(83.49)	(17.92)	(18.05)	(17.23)	(2.696)	(2.654)	(2.710)	(2.021)	(1.975)	(1.979)	(0.460)	(0.471)	(0.464)	(26.03)	(25.01)	(23.97)	(4.597)	(4.524)	(4.516)				(30.11)	(30.54)	(30.06)	(3.708)	(3.687)	(3.697)	(2.682)	(2.734)	(2.801)	(0.646)	(0.659)	(0.646)																					
_yb11	2.669	4.368	5.919	-13.32***	-13.27***	-12.80***	49.49	63.23	27.34	-36.67*	-34.95	-36.39*	-4.199	-4.150	-3.122	-2.849	-2.835	-2.349	-0.346	-0.350	-0.281	38.59*	36.56*	26.67	2.769	1.735	0.499	-39.87***	-40.33***	-37.83***	19.59	14.57	10.53	-1.577	-1.509	-1.379	-1.694	-1.430	-1.421	-0.0544	-0.0711	-0.0320	73.21	63.00	114.0	-118.6	-118.7	-115.5							3.668**	4.498***	4.660***	0.958	1.367	0.821	0.0968	0.0996	0.0768
	(14.09)	(13.57)	(12.92)	(4.184)	(4.174)	(3.800)	(68.60)	(66.88)	(72.03)	(21.95)	(21.70)	(21.02)	(3.942)	(3.880)	(4.050)	(2.948)	(2.840)	(2.893)	(0.628)	(0.623)	(0.618)	(22.98)	(22.04)	(21.23)	(3.709)	(3.661)	(3.683)	(12.79)	(12.91)	(13.17)	(24.70)	(25.25)	(24.85)	(3.017)	(3.009)	(3.012)	(2.185)	(2.238)	(2.294)	(0.523)	(0.536)	(0.517)	(228.7)	(230.6)	(219.8)	(80.75)	(82.16)	(78.00)							(1.592)	(1.557)	(1.575)	(1.332)	(1.369)	(1.362)	(0.177)	(0.186)	(0.194)
_yb12	-1.620	-0.379	1.800	-13.00***	-12.98***	-11.87***	12.58	23.36	-6.647	-39.68	-39.60	-37.06	-3.130	-3.082	-2.171	-2.530	-2.592	-2.205	-0.691	-0.712	-0.660	42.71*	41.46**	34.94*	5.807	4.930	4.978	-41.59*	-41.10*	-19.14	14.23	10.52	9.373	-1.813	-1.716	-1.642	-1.034	-0.835	-0.855	-0.00834	-0.0255	-0.0225	67.32	56.92	104.9																		
	(16.27)	(15.70)	(15.16)	(4.520)	(4.476)	(4.336)	(65.17)	(63.59)	(67.63)	(24.68)	(24.31)	(24.04)	(3.896)	(3.874)	(3.964)	(3.057)	(3.008)	(3.105)	(0.581)	(0.580)	(0.583)	(21.90)	(21.15)	(20.27)	(3.567)	(3.534)	(3.386)	(22.58)	(22.69)	(23.77)	(20.19)	(20.73)	(20.23)	(2.572)	(2.568)	(2.573)	(1.966)	(1.996)	(2.041)	(0.427)	(0.439)	(0.432)	(224.7)	(226.5)	(216.4)																		
_yb13	5.371	5.549	5.499	-11.71**	-11.88**	-11.70**	42.21	50.14	12.33	-26.47	-27.87	-29.88	-5.383	-4.964	-3.468	-5.840*	-5.630*	-4.950	-0.653	-0.649	-0.597	39.64**	38.64**	31.49*	6.388***	5.595**	5.132**	-15.43	-13.18	0.977	14.23	11.36	9.721	-3.699	-3.587	-3.415	-1.382	-1.212	-1.221	-0.0433	-0.0647	-0.0397	100.5	90.26	137.7	-112.5	-113.1	-111.5	-41.09	-70.07*	-93.63***	63.53***	56.61***	47.02***	1.217	0.603	1.701	0.0136	-0.0154	-0.184	-0.0520	-0.103	-0.130
	(18.24)	(17.67)	(16.94)	(4.973)	(4.944)	(4.786)	(62.82)	(60.90)	(64.97)	(29.28)	(28.79)	(28.01)	(4.364)	(4.339)	(4.433)	(3.348)	(3.280)	(3.338)	(0.652)	(0.651)	(0.653)	(19.57)	(18.99)	(18.08)	(2.464)	(2.438)	(2.408)	(35.72)	(36.58)	(38.81)	(17.26)	(17.95)	(17.45)	(2.276)	(2.254)	(2.255)	(1.529)	(1.575)	(1.590)	(0.344)	(0.357)	(0.350)	(222.1)	(223.8)	(213.4)	(78.45)	(79.66)	(75.76)	(34.61)	(37.57)	(33.02)	(14.26)	(15.67)	(15.37)	(2.006)	(2.024)	(1.780)	(1.279)	(1.293)	(1.253)	(0.170)	(0.181)	(0.188)
_yb14	0.963	2.153	3.957	-15.82***	-15.89***	-15.21***	-4.333	5.599	-27.71	-41.75	-42.09	-41.36	-5.567	-5.227	-3.955	-5.403	-5.258	-4.703	-0.508	-0.517	-0.472	41.21**	40.26**	34.58**	3.099	2.526	2.384	-55.96	-53.43	-35.67	9.627	7.405	7.551	-4.817***	-4.750***	-4.639***	-1.026	-0.899	-1.006	0.157	0.152	0.168	106.6	96.41	141.3	-111.0	-111.3	-109.9	-15.06	-46.62	-83.01**	63.68***	59.20***	47.57**	0.0918	-1.078	0.326	0.781	0.333	0.0741	-0.133	-0.160	-0.249
	(19.17)	(18.44)	(17.81)	(5.463)	(5.418)	(5.199)	(61.24)	(59.49)	(63.40)	(31.84)	(31.13)	(30.31)	(4.704)	(4.663)	(4.767)	(3.615)	(3.527)	(3.572)	(0.713)	(0.712)	(0.711)	(18.45)	(18.03)	(17.19)	(2.209)	(2.213)	(2.171)	(37.64)	(37.92)	(38.72)	(14.71)	(15.33)	(14.87)	(1.715)	(1.716)	(1.717)	(1.228)	(1.260)	(1.279)	(0.329)	(0.340)	(0.335)	(220.0)	(221.4)	(211.4)	(77.51)	(78.65)	(74.94)	(41.33)	(46.06)	(39.43)	(17.75)	(20.18)	(19.83)	(1.787)	(1.728)	(1.773)	(1.572)	(1.605)	(1.602)	(0.220)	(0.247)	(0.246)
_yb15	1.520	2.293	4.543	-14.97***	-15.07***	-14.16***	-1.571	7.320	-23.33	-39.50	-40.54	-38.37	-4.831	-4.507	-3.174	-5.351	-5.211	-4.572	-0.586	-0.595	-0.536	45.79***	44.23***	38.79**	4.511***	4.038**	3.903**	-40.32	-40.03	-22.55	15.70	13.31	12.81	-3.234**	-3.227**	-3.081**	0.125	0.233	0.158	0.140	0.152	0.170	105.3	95.82	141.8	-109.8	-110.1	-109.1	-29.21	-66.94	-105.5**	93.88***	89.25***	76.30***	-1.445	-3.448	-1.419	-0.354	-1.246	-1.382	-0.194	-0.265	-0.376
	(20.04)	(19.36)	(18.60)	(5.537)	(5.505)	(5.324)	(59.24)	(57.54)	(61.02)	(31.57)	(30.94)	(30.33)	(4.870)	(4.822)	(4.950)	(3.780)	(3.690)	(3.746)	(0.741)	(0.739)	(0.741)	(17.67)	(17.13)	(16.60)	(1.734)	(1.731)	(1.765)	(42.44)	(43.03)	(43.67)	(11.52)	(12.22)	(12.21)	(1.484)	(1.504)	(1.528)	(1.063)	(1.106)	(1.139)	(0.258)	(0.270)	(0.266)	(217.9)	(219.2)	(209.5)	(76.80)	(77.89)	(74.14)	(55.24)	(60.44)	(52.16)	(23.73)	(27.40)	(26.68)	(2.640)	(2.533)	(2.544)	(2.151)	(2.292)	(2.300)	(0.306)	(0.352)	(0.353)
_yb16	4.804	5.385	7.246	-15.01***	-15.17***	-14.20**	-2.385	6.342	-23.65	-42.75	-43.69	-41.13	-5.176	-4.723	-3.338	-5.663	-5.417	-4.729	-0.415	-0.410	-0.360	44.36***	42.97***	38.37**	1.792	1.387	1.402	-50.49	-48.58	-28.71	8.410	6.484	7.285	-2.817**	-2.785**	-2.626**	0.613	0.769	0.666	0.0606	0.0781	0.0904	103.5	93.52	139.6	-112.4	-112.9	-110.7	-34.95	-77.97	-109.5**	86.39***	80.01***	67.62**	-2.539	-4.591	-3.152	-0.380	-1.217	-1.461	-0.119	-0.184	-0.352
	(21.07)	(20.38)	(19.62)	(5.793)	(5.765)	(5.571)	(57.96)	(56.09)	(59.42)	(33.03)	(32.39)	(31.86)	(5.145)	(5.097)	(5.228)	(3.981)	(3.889)	(3.942)	(0.797)	(0.795)	(0.797)	(16.91)	(16.46)	(15.82)	(1.423)	(1.425)	(1.437)	(47.32)	(47.91)	(48.88)	(8.970)	(9.651)	(9.634)	(1.147)	(1.165)	(1.189)	(0.930)	(0.974)	(0.990)	(0.163)	(0.177)	(0.180)	(217.0)	(218.3)	(208.4)	(76.30)	(77.34)	(73.79)	(59.75)	(65.22)	(55.04)	(26.67)	(29.97)	(29.17)	(2.885)	(2.803)	(2.783)	(2.404)	(2.510)	(2.507)	(0.316)	(0.350)	(0.354)
_yb17	6.115	7.068	8.736	-14.77**	-14.89**	-14.00**	3.711	12.30	-19.37	-38.17	-39.05	-37.88	-5.958	-5.574	-4.183	-6.795*	-6.629*	-5.968	-0.542	-0.548	-0.493	46.16***	45.11***	39.76***	2.682**	2.407*	2.252*	-33.57	-30.95	-13.62	15.06*	13.61	13.41	-3.647***	-3.632***	-3.341***	0.592	0.733	0.661	0.0800	0.105	0.106	113.3	104.2	147.6	-109.2	-109.5	-108.0	1.254	-47.46	-87.60	102.1***	96.02***	79.56**	-4.116	-7.010**	-5.087	-0.980	-2.277	-2.477	-0.298	-0.401	-0.601
	(21.68)	(20.99)	(20.24)	(6.017)	(5.985)	(5.796)	(56.85)	(55.10)	(58.46)	(34.61)	(33.95)	(33.33)	(5.305)	(5.255)	(5.396)	(4.052)	(3.959)	(4.023)	(0.821)	(0.820)	(0.817)	(16.46)	(16.03)	(15.43)	(1.282)	(1.303)	(1.316)	(51.26)	(51.79)	(52.55)	(8.394)	(8.960)	(9.171)	(1.012)	(1.040)	(1.058)	(0.762)	(0.807)	(0.812)	(0.145)	(0.156)	(0.159)	(216.1)	(217.2)	(207.4)	(76.07)	(77.04)	(73.49)	(62.70)	(70.62)	(60.06)	(28.00)	(33.24)	(33.19)	(3.267)	(3.063)	(3.168)	(2.734)	(2.981)	(2.963)	(0.388)	(0.464)	(0.461)
_yb18	3.796	4.303	6.664	-14.55**	-14.72**	-13.60**	-5.392	1.934	-27.47	-38.26	-39.92	-37.87	-5.626	-5.191	-3.712	-7.142*	-6.954*	-6.263	-0.421	-0.427	-0.364	41.89***	40.93***	36.26**	1.877*	1.698	1.629	-48.76	-45.53	-26.75	7.664	6.843	6.986	-3.588***	-3.581***	-3.256***	0.574	0.667	0.597	0.113	0.137	0.139	108.7	99.67	144.3	-111.9	-112.2	-110.6	-10.34	-62.82	-101.9	102.9***	96.64***	78.91**	-4.865	-8.297**	-6.147*	-1.051	-2.670	-2.866	-0.358	-0.460	-0.663
	(22.21)	(21.53)	(20.73)	(6.150)	(6.118)	(5.889)	(56.65)	(54.73)	(58.04)	(35.52)	(34.82)	(34.13)	(5.484)	(5.426)	(5.558)	(4.239)	(4.137)	(4.193)	(0.838)	(0.836)	(0.834)	(15.94)	(15.52)	(14.97)	(1.051)	(1.090)	(1.122)	(53.07)	(53.86)	(54.27)	(6.712)	(7.302)	(7.505)	(0.828)	(0.857)	(0.871)	(0.677)	(0.719)	(0.720)	(0.130)	(0.141)	(0.146)	(215.4)	(216.4)	(206.8)	(75.80)	(76.72)	(73.26)	(67.69)	(77.58)	(64.83)	(30.35)	(36.52)	(36.39)	(3.660)	(3.466)	(3.538)	(2.968)	(3.259)	(3.226)	(0.427)	(0.526)	(0.518)
_yb19	7.740	8.243	10.04	-14.10**	-14.27**	-13.30**	0.419	7.775	-23.30	-36.33	-38.27	-37.12	-6.230	-5.754	-4.287	-7.115	-6.876	-6.203	-0.530	-0.537	-0.472	45.91***	44.96***	40.46***	1.868**	1.804**	1.745*	-44.90	-41.34	-22.23	9.259	8.869	8.906	-3.545***	-3.566***	-3.337***	1.117**	1.208**	1.132*	0.0472	0.0793	0.0868	108.4	99.96	144.6	-112.7	-112.8	-111.7	-45.89	-102.3	-144.1**	95.54***	89.12**	69.92*	-4.812	-8.668**	-6.189	-1.878	-3.699	-3.793	-0.0849	-0.212	-0.417
	(22.61)	(21.91)	(21.21)	(6.275)	(6.248)	(6.038)	(55.52)	(53.62)	(57.02)	(36.30)	(35.56)	(34.93)	(5.612)	(5.554)	(5.688)	(4.334)	(4.232)	(4.287)	(0.868)	(0.866)	(0.861)	(15.75)	(15.33)	(14.87)	(0.839)	(0.902)	(0.927)	(55.09)	(56.06)	(56.62)	(5.847)	(6.388)	(6.683)	(0.659)	(0.707)	(0.714)	(0.538)	(0.589)	(0.591)	(0.0987)	(0.111)	(0.116)	(215.5)	(216.4)	(206.7)	(75.67)	(76.55)	(73.11)	(70.77)	(82.15)	(68.62)	(31.63)	(38.50)	(38.32)	(3.965)	(3.772)	(3.838)	(3.213)	(3.555)	(3.515)	(0.440)	(0.552)	(0.540)
_yb20	7.905	8.203	10.28	-13.77**	-13.96**	-12.93**	-4.331	2.070	-28.49	-36.91	-39.33	-38.07	-6.423	-5.954	-4.480	-7.549*	-7.334*	-6.599	-0.537	-0.549	-0.477	43.74***	42.74***	39.22***	0.974	0.930	1.088	-49.95	-47.14	-24.68	10.15**	9.693*	11.02*	-3.115***	-3.158***	-2.993***	1.574***	1.638***	1.573***	-0.0166	0.0192	0.0266	109.7	102.4	147.8	-112.4	-112.6	-111.4	-26.28	-86.61	-124.0*	101.2***	94.68**	75.33*	-5.002	-9.235**	-6.820*	-1.765	-3.729	-3.906	-0.393	-0.539	-0.790
	(22.81)	(22.14)	(21.47)	(6.362)	(6.338)	(6.136)	(54.53)	(52.67)	(55.76)	(36.80)	(36.05)	(35.45)	(5.683)	(5.625)	(5.767)	(4.393)	(4.290)	(4.351)	(0.880)	(0.878)	(0.873)	(15.53)	(15.08)	(14.65)	(0.728)	(0.799)	(0.805)	(56.05)	(57.11)	(57.54)	(5.050)	(5.484)	(5.745)	(0.558)	(0.615)	(0.613)	(0.461)	(0.518)	(0.510)	(0.0687)	(0.0839)	(0.0887)	(215.7)	(216.5)	(206.9)	(75.77)	(76.61)	(73.19)	(72.58)	(85.59)	(71.22)	(32.64)	(40.45)	(40.24)	(4.145)	(3.912)	(4.001)	(3.342)	(3.728)	(3.681)	(0.470)	(0.605)	(0.595)
_yb21	9.272	9.429	11.66	-13.83**	-14.05**	-12.96**	-4.388	1.632	-28.27	-33.11	-35.94	-34.53	-6.253	-5.776	-4.282	-7.632*	-7.389*	-6.656	-0.599	-0.608	-0.535	45.77***	44.48***	40.44***	1.697***	1.708**	1.610**	-46.44	-44.05	-24.42	12.05***	11.58**	11.92**	-2.886***	-2.948***	-2.718***	1.566***	1.646***	1.554***	0.0386	0.0837	0.0874	113.5	105.4	150.7	-111.2	-111.3	-110.6	-18.42	-79.39	-118.2*	104.9***	98.60**	77.70*	-5.201	-9.721**	-7.176*	-1.965	-4.145	-4.288	-0.266	-0.414	-0.656
	(22.89)	(22.25)	(21.59)	(6.395)	(6.372)	(6.172)	(54.14)	(52.14)	(55.39)	(36.99)	(36.22)	(35.65)	(5.719)	(5.658)	(5.796)	(4.419)	(4.314)	(4.369)	(0.890)	(0.888)	(0.881)	(15.43)	(14.91)	(14.46)	(0.628)	(0.747)	(0.766)	(57.01)	(58.25)	(58.53)	(4.159)	(4.825)	(5.180)	(0.462)	(0.539)	(0.544)	(0.394)	(0.470)	(0.471)	(0.0636)	(0.0802)	(0.0840)	(216.0)	(216.8)	(207.3)	(75.81)	(76.63)	(73.23)	(72.71)	(86.90)	(71.64)	(33.65)	(42.32)	(42.33)	(4.343)	(4.136)	(4.194)	(3.445)	(3.881)	(3.832)	(0.476)	(0.624)	(0.610)
_yb22	9.901	10.05	12.68	-13.24**	-13.46**	-12.22**	-3.331	2.162	-26.53	-35.88	-38.89	-36.89	-6.417	-5.900	-4.446	-7.484*	-7.243*	-6.510	-0.596	-0.609	-0.532	47.04***	45.96***	41.80***	1.957***	2.004***	1.987***	-45.03	-41.81	-22.07	10.11**	10.13**	10.41**	-2.597***	-2.656***	-2.519***	1.790***	1.831***	1.770***	0.0713	0.111	0.111	119.3	111.3	155.4	-111.3	-111.2	-110.5	-4.332	-66.93	-106.2	107.8***	102.1**	79.53*	-5.016	-9.912**	-7.274*	-1.633	-4.033	-4.192	-0.290	-0.446	-0.717
	(22.88)	(22.24)	(21.66)	(6.407)	(6.387)	(6.200)	(53.09)	(51.13)	(54.27)	(37.16)	(36.37)	(35.85)	(5.739)	(5.677)	(5.815)	(4.438)	(4.334)	(4.393)	(0.896)	(0.894)	(0.886)	(15.20)	(14.70)	(14.24)	(0.593)	(0.708)	(0.717)	(57.79)	(59.10)	(59.10)	(3.962)	(4.490)	(4.943)	(0.464)	(0.539)	(0.549)	(0.402)	(0.474)	(0.472)	(0.0635)	(0.0765)	(0.0808)	(216.6)	(217.4)	(207.9)	(76.13)	(76.94)	(73.52)	(72.39)	(87.73)	(72.66)	(32.93)	(42.53)	(42.83)	(4.479)	(4.213)	(4.292)	(3.449)	(3.909)	(3.872)	(0.485)	(0.662)	(0.649)
_yb23	8.530	8.574	11.29	-12.33*	-12.56**	-11.25*	-0.414	4.861	-23.16	-30.79	-34.05	-32.07	-6.227	-5.717	-4.255	-7.585*	-7.342*	-6.579	-0.651	-0.665	-0.580	44.29***	43.26***	39.72***	1.335*	1.552*	1.520*	-58.55	-55.09	-35.08	10.30**	10.75**	11.10**	-2.300***	-2.426***	-2.272***	1.762***	1.769***	1.686***	0.0211	0.0672	0.0674	120.7	113.1	159.0	-112.5	-112.4	-111.8	-22.37	-87.18	-120.9*	102.9***	97.08**	75.02*	-4.512	-9.664**	-6.914	-1.330	-3.848	-3.961	-0.406	-0.581	-0.852
	(22.84)	(22.22)	(21.70)	(6.407)	(6.389)	(6.211)	(52.10)	(50.14)	(53.16)	(37.17)	(36.40)	(35.91)	(5.740)	(5.677)	(5.819)	(4.440)	(4.335)	(4.399)	(0.897)	(0.895)	(0.888)	(15.03)	(14.49)	(14.06)	(0.701)	(0.827)	(0.833)	(58.16)	(59.60)	(59.33)	(4.485)	(4.841)	(5.036)	(0.519)	(0.580)	(0.572)	(0.465)	(0.525)	(0.512)	(0.0752)	(0.0873)	(0.0876)	(217.1)	(217.8)	(208.4)	(76.25)	(77.04)	(73.65)	(71.94)	(88.63)	(73.29)	(33.57)	(43.57)	(43.89)	(4.597)	(4.365)	(4.421)	(3.499)	(3.996)	(3.949)	(0.489)	(0.672)	(0.660)
_yb24	10.03	9.973	13.26	-11.90*	-12.12*	-10.68*	-3.438	1.784	-25.27	-33.42	-36.75	-34.33	-5.910	-5.437	-4.062	-7.582*	-7.369*	-6.639	-0.648	-0.666	-0.582	45.54***	44.63***	41.58***	1.761**	1.962**	1.969**	-53.73	-50.03	-28.79	8.525	9.067	9.992*	-2.508***	-2.627***	-2.519***	1.625***	1.629***	1.545***	-0.000516	0.0441	0.0484	122.8	115.3	162.5	-113.3	-113.0	-112.3	-29.77	-93.14	-119.3	100.2***	95.31**	73.50	-4.639	-10.07**	-7.218	-1.811	-4.543	-4.647	-0.502	-0.670	-0.943
	(22.77)	(22.17)	(21.64)	(6.394)	(6.376)	(6.192)	(52.18)	(50.15)	(53.25)	(37.12)	(36.33)	(35.81)	(5.725)	(5.661)	(5.791)	(4.426)	(4.324)	(4.376)	(0.897)	(0.895)	(0.886)	(14.96)	(14.39)	(13.95)	(0.881)	(0.981)	(0.967)	(58.24)	(59.72)	(59.22)	(5.480)	(5.712)	(5.710)	(0.647)	(0.682)	(0.677)	(0.555)	(0.592)	(0.584)	(0.0878)	(0.0940)	(0.0921)	(217.9)	(218.6)	(209.2)	(76.51)	(77.27)	(73.90)	(72.12)	(90.43)	(74.37)	(33.25)	(44.23)	(44.75)	(4.727)	(4.513)	(4.567)	(3.525)	(4.063)	(4.014)	(0.507)	(0.709)	(0.695)
_yb25	8.993	8.816	12.34	-11.45*	-11.69*	-10.07	3.946	7.962	-17.16	-33.21	-37.21	-33.95	-5.665	-5.159	-3.777	-7.433*	-7.220*	-6.485	-0.735	-0.759	-0.669	43.69***	42.42***	38.47***	1.849*	1.973*	1.811*	-50.64	-47.60	-28.41	9.894	9.847	9.539	-2.105***	-2.211***	-2.085***	2.149***	2.195***	2.143***	-0.0289	0.0201	0.0150	116.6	109.3	156.5	-114.5	-114.1	-113.6	-40.59	-106.8	-131.8*	88.50***	83.73*	62.33	-4.207	-9.834**	-6.994	-1.186	-3.944	-4.048	-0.494	-0.682	-0.981
	(22.71)	(22.14)	(21.70)	(6.381)	(6.368)	(6.199)	(50.36)	(48.42)	(51.41)	(36.90)	(36.14)	(35.70)	(5.704)	(5.643)	(5.778)	(4.409)	(4.307)	(4.369)	(0.896)	(0.894)	(0.887)	(14.90)	(14.24)	(13.80)	(1.018)	(1.076)	(1.082)	(58.30)	(59.80)	(58.94)	(6.616)	(6.813)	(6.935)	(0.745)	(0.766)	(0.771)	(0.621)	(0.645)	(0.648)	(0.0967)	(0.107)	(0.107)	(218.9)	(219.6)	(210.2)	(76.73)	(77.48)	(74.02)	(71.02)	(90.27)	(74.84)	(33.06)	(44.68)	(45.44)	(4.846)	(4.617)	(4.668)	(3.557)	(4.115)	(4.070)	(0.513)	(0.725)	(0.717)
_yb26	8.895	8.459	12.08	-10.29	-10.54*	-8.787	-4.044	-0.283	-24.99	-31.80	-36.27	-32.87	-5.795	-5.270	-3.918	-7.500*	-7.271*	-6.532	-0.740	-0.765	-0.667	41.85***	40.63***	36.74***	2.879**	3.061**	3.083**	-58.19	-55.57	-33.85	10.21	10.33	10.82	-2.072**	-2.207**	-2.129**	1.685**	1.719**	1.675**	-0.0613	-0.00903	-0.0168	120.0	113.1	158.9	-114.4	-114.0	-114.0	-28.40	-94.97	-124.0	92.69***	88.02*	64.87	-3.756	-9.539**	-6.646	-1.809	-4.652	-4.633	-0.605	-0.801	-1.090
	(22.74)	(22.18)	(21.72)	(6.352)	(6.338)	(6.196)	(49.28)	(47.39)	(50.33)	(36.83)	(36.03)	(35.74)	(5.682)	(5.621)	(5.759)	(4.394)	(4.296)	(4.366)	(0.893)	(0.891)	(0.883)	(14.73)	(14.03)	(13.52)	(1.246)	(1.295)	(1.271)	(58.51)	(60.08)	(59.18)	(7.793)	(7.890)	(7.767)	(0.901)	(0.923)	(0.914)	(0.725)	(0.757)	(0.751)	(0.141)	(0.144)	(0.140)	(218.9)	(219.7)	(210.4)	(76.83)	(77.57)	(74.11)	(71.10)	(91.22)	(75.65)	(33.09)	(45.15)	(45.97)	(4.942)	(4.727)	(4.746)	(3.569)	(4.148)	(4.105)	(0.525)	(0.744)	(0.734)
_yb27	7.061	6.777	10.66	-11.16*	-11.40*	-9.577	1.993	5.754	-18.21	-33.30	-37.54	-34.06	-5.250	-4.748	-3.399	-6.822	-6.630	-5.889	-0.862	-0.890	-0.792	43.80***	42.37***	39.16***	2.461*	2.620*	2.630*	-58.31	-56.71	-35.18	7.993	8.143	8.489	-1.882*	-2.032*	-1.957*	2.042**	2.028**	1.980**	-0.169	-0.122	-0.129	122.4	115.7	161.8	-114.0	-113.5	-114.1	-36.13	-105.2	-133.1*	91.27***	86.41*	61.93	-4.697	-10.70**	-7.829	-1.256	-4.172	-4.128	-0.570	-0.786	-1.089
	(22.69)	(22.13)	(21.78)	(6.346)	(6.333)	(6.191)	(47.82)	(45.98)	(48.93)	(36.77)	(36.00)	(35.71)	(5.662)	(5.603)	(5.737)	(4.395)	(4.298)	(4.366)	(0.892)	(0.889)	(0.882)	(14.43)	(13.72)	(13.25)	(1.432)	(1.474)	(1.433)	(58.84)	(60.46)	(59.22)	(9.308)	(9.308)	(9.088)	(1.073)	(1.081)	(1.077)	(0.878)	(0.896)	(0.890)	(0.151)	(0.152)	(0.148)	(219.5)	(220.2)	(210.9)	(76.85)	(77.56)	(74.07)	(72.02)	(93.07)	(77.50)	(33.73)	(46.08)	(46.97)	(5.036)	(4.846)	(4.851)	(3.651)	(4.255)	(4.187)	(0.553)	(0.772)	(0.758)
_yb28	3.956	3.645	8.244	-10.22	-10.45*	-8.383	1.875	5.700	-15.65	-36.86	-41.22	-36.68	-5.633	-5.112	-3.685	-7.046	-6.840	-6.067	-0.914	-0.944	-0.835	39.69***	38.46***	35.22***	2.843*	3.016*	2.964*	-63.47	-61.92	-41.19	8.392	8.669	8.933	-2.154*	-2.312*	-2.247*	1.774*	1.741*	1.684*	-0.224	-0.178	-0.185	125.9	119.5	166.2	-112.9	-112.3	-113.0	-8.227	-76.89	-102.5	96.23***	91.83**	67.96	-4.912	-10.99**	-8.037	-2.420	-5.349	-5.351	-0.604	-0.829	-1.127
	(22.82)	(22.25)	(21.81)	(6.346)	(6.334)	(6.200)	(46.66)	(44.83)	(47.48)	(36.65)	(35.90)	(35.60)	(5.639)	(5.580)	(5.708)	(4.379)	(4.285)	(4.346)	(0.890)	(0.887)	(0.878)	(14.08)	(13.35)	(12.85)	(1.658)	(1.686)	(1.660)	(59.30)	(60.93)	(59.52)	(10.57)	(10.51)	(10.24)	(1.232)	(1.235)	(1.225)	(1.008)	(1.020)	(1.005)	(0.179)	(0.178)	(0.174)	(219.6)	(220.3)	(211.1)	(76.95)	(77.66)	(74.14)	(73.00)	(94.76)	(79.51)	(33.63)	(46.34)	(47.42)	(5.174)	(4.978)	(4.999)	(3.645)	(4.246)	(4.187)	(0.566)	(0.790)	(0.779)
_yb29	2.300	1.827	6.399	-10.36	-10.59*	-8.453	0.343	3.230	-17.60	-34.04	-38.95	-34.00	-4.879	-4.364	-2.987	-6.634	-6.470	-5.720	-0.937	-0.978	-0.873	38.88***	37.60***	33.70***	3.605**	3.750**	3.721**	-55.18	-54.11	-33.06	12.85	13.08	12.76	-1.925	-2.072	-2.000	2.085*	2.062*	2.036*	-0.223	-0.172	-0.191	124.8	118.7	163.9	-113.7	-113.0	-114.1	-29.79	-98.80	-124.4	93.26***	89.10*	63.15	-4.344	-10.50**	-7.385	-2.655	-5.572	-5.491	-0.597	-0.835	-1.186
	(22.89)	(22.34)	(22.03)	(6.371)	(6.358)	(6.228)	(44.58)	(42.94)	(45.72)	(36.83)	(36.06)	(35.76)	(5.632)	(5.579)	(5.714)	(4.382)	(4.292)	(4.369)	(0.889)	(0.886)	(0.881)	(13.64)	(12.92)	(12.39)	(1.818)	(1.832)	(1.792)	(59.89)	(61.47)	(59.77)	(11.59)	(11.53)	(11.21)	(1.349)	(1.345)	(1.339)	(1.095)	(1.102)	(1.098)	(0.198)	(0.197)	(0.194)	(219.6)	(220.3)	(211.1)	(76.82)	(77.51)	(73.96)	(74.18)	(95.76)	(80.82)	(34.65)	(47.29)	(48.29)	(5.279)	(5.129)	(5.095)	(3.732)	(4.346)	(4.290)	(0.596)	(0.813)	(0.801)
_yb30	-1.243	-1.857	3.509	-10.39	-10.65*	-8.268	-8.259	-6.295	-24.18	-35.92	-41.16	-34.90	-4.625	-4.033	-2.660	-6.101	-5.899	-5.153	-1.071	-1.110	-1.000	36.13***	35.18***	31.98***	3.537*	3.672*	3.748*	-65.72	-64.19	-42.64	7.900	8.031	8.144	-2.668*	-2.813*	-2.740*	1.790	1.780	1.777	-0.317	-0.267	-0.286	125.4	119.4	165.3	-112.0	-111.1	-112.3	-23.54	-91.67	-115.6	99.84***	97.80**	71.86	-4.647	-10.89**	-7.778	-2.456	-5.370	-5.299	-0.692	-0.934	-1.281
	(23.20)	(22.65)	(22.35)	(6.417)	(6.404)	(6.274)	(41.84)	(40.31)	(43.07)	(37.03)	(36.27)	(35.95)	(5.647)	(5.599)	(5.735)	(4.401)	(4.314)	(4.395)	(0.890)	(0.887)	(0.882)	(12.72)	(12.03)	(11.55)	(2.077)	(2.080)	(2.036)	(60.95)	(62.43)	(60.68)	(12.98)	(12.91)	(12.52)	(1.514)	(1.498)	(1.489)	(1.231)	(1.239)	(1.225)	(0.224)	(0.221)	(0.217)	(219.0)	(219.7)	(210.6)	(76.74)	(77.43)	(73.89)	(75.58)	(97.19)	(82.16)	(34.54)	(47.40)	(48.67)	(5.366)	(5.208)	(5.193)	(3.755)	(4.362)	(4.309)	(0.626)	(0.839)	(0.830)
_yb31	-5.035	-5.681	0.478	-10.69	-10.92*	-8.283	-11.15	-8.880	-23.58	-36.57	-41.70	-33.99	-3.969	-3.411	-1.985	-5.612	-5.448	-4.679	-1.112	-1.155	-1.044	31.39***	30.49***	27.74***	3.165	3.292	3.548	-68.96	-67.46	-44.15	7.641	8.034	8.697	-2.582	-2.719*	-2.558	1.696	1.651	1.585	-0.385	-0.339	-0.368	126.1	120.1	166.6	-112.0	-111.1	-112.5	-37.26	-104.7	-127.9	100.4***	97.78**	71.86	-5.356	-11.59**	-8.169	-2.686	-5.620	-5.403	-0.735	-0.965	-1.324
	(23.74)	(23.15)	(22.77)	(6.502)	(6.485)	(6.362)	(39.71)	(38.35)	(40.80)	(37.39)	(36.65)	(36.26)	(5.682)	(5.639)	(5.776)	(4.432)	(4.350)	(4.433)	(0.892)	(0.889)	(0.885)	(11.50)	(10.88)	(10.49)	(2.259)	(2.256)	(2.204)	(62.33)	(63.71)	(61.96)	(14.25)	(14.16)	(13.81)	(1.667)	(1.652)	(1.644)	(1.345)	(1.348)	(1.333)	(0.241)	(0.236)	(0.231)	(217.9)	(218.6)	(209.6)	(76.30)	(76.97)	(73.42)	(78.99)	(99.86)	(85.39)	(35.81)	(48.39)	(49.78)	(5.526)	(5.376)	(5.333)	(3.868)	(4.472)	(4.424)	(0.678)	(0.883)	(0.865)
_yb32	-6.960	-7.727	-0.985	-10.20	-10.45	-7.527	-8.790	-6.982	-18.13	-36.28	-41.58	-32.14	-3.471	-2.901	-1.381	-5.535	-5.379	-4.578	-1.263	-1.308	-1.198	29.83***	29.11***	26.63***	3.383	3.457	3.774	-63.60	-62.53	-37.96	8.073	8.429	9.873	-3.221*	-3.331*	-3.172*	1.816	1.786	1.651	-0.554**	-0.508**	-0.531**	126.3	120.7	166.7	-110.8	-109.9	-111.4	-32.72	-100.7	-124.4	105.8***	103.4**	77.49	-5.183	-11.40**	-7.965	-2.786	-5.629	-5.499	-0.870	-1.111	-1.485
	(24.26)	(23.66)	(23.37)	(6.648)	(6.625)	(6.525)	(35.51)	(34.42)	(36.39)	(37.89)	(37.12)	(36.88)	(5.750)	(5.710)	(5.865)	(4.505)	(4.425)	(4.536)	(0.898)	(0.894)	(0.895)	(10.45)	(9.902)	(9.495)	(2.511)	(2.529)	(2.476)	(64.61)	(65.96)	(64.14)	(15.10)	(15.00)	(14.69)	(1.779)	(1.769)	(1.763)	(1.446)	(1.456)	(1.438)	(0.264)	(0.258)	(0.256)	(216.3)	(217.0)	(208.2)	(75.84)	(76.49)	(72.88)	(85.01)	(104.9)	(90.94)	(38.01)	(49.95)	(51.18)	(5.723)	(5.583)	(5.518)	(4.033)	(4.624)	(4.569)	(0.753)	(0.936)	(0.926)
_yb33	-11.70	-12.48	-5.375	-11.69*	-11.98*	-8.809	-19.13	-18.75	-28.62	-42.84	-48.32	-37.89	-3.248	-2.553	-1.034	-5.180	-4.991	-4.180	-1.289	-1.328	-1.217	26.49***	25.75***	23.37***	2.421	2.552	3.000	-73.89	-73.91	-49.41	7.420	7.943	9.215	-3.663*	-3.790*	-3.663*	1.820	1.757	1.678	-0.460*	-0.403	-0.445*	124.0	118.9	163.8	-110.3	-109.3	-111.4	-54.74	-124.5	-156.3	117.1***	114.6**	85.70	-7.017	-13.34**	-10.09*	-3.685	-6.508	-6.314	-0.669	-0.934	-1.339
	(25.10)	(24.44)	(24.10)	(6.774)	(6.750)	(6.641)	(31.80)	(31.09)	(32.85)	(38.35)	(37.66)	(37.33)	(5.850)	(5.819)	(5.979)	(4.591)	(4.516)	(4.634)	(0.909)	(0.905)	(0.910)	(9.198)	(8.747)	(8.323)	(2.691)	(2.706)	(2.635)	(67.34)	(68.36)	(66.79)	(16.04)	(15.92)	(15.69)	(1.971)	(1.970)	(1.978)	(1.616)	(1.635)	(1.619)	(0.273)	(0.270)	(0.267)	(215.1)	(215.7)	(206.6)	(75.12)	(75.75)	(72.10)	(91.05)	(110.0)	(96.43)	(39.87)	(51.43)	(52.49)	(5.944)	(5.835)	(5.726)	(4.286)	(4.878)	(4.801)	(0.787)	(0.961)	(0.953)
_yb34	-17.64	-18.09	-10.10	-10.96	-11.28	-7.716	-21.20	-21.66	-27.61	-44.77	-50.23	-37.68	-2.883	-2.118	-0.515	-4.893	-4.703	-3.837	-1.341	-1.381	-1.264	20.66***	19.87***	18.42***	4.788	4.734	5.475*	-88.16	-89.13	-62.66	12.86	13.16	16.33	-3.902*	-3.923*	-3.791*	2.563	2.533	2.489	-0.663**	-0.600**	-0.644**	123.0	117.5	162.8	-106.0	-105.0	-106.6	-54.30	-124.0	-155.1	141.6***	140.1***	111.4**	-7.474	-13.64**	-10.32*	-3.145	-5.801	-5.689	-0.899	-1.141	-1.594
	(26.80)	(25.99)	(25.43)	(7.052)	(7.018)	(6.942)	(26.69)	(26.48)	(28.04)	(39.88)	(39.10)	(38.94)	(6.021)	(6.015)	(6.198)	(4.736)	(4.674)	(4.838)	(0.929)	(0.924)	(0.939)	(7.057)	(6.876)	(6.848)	(3.037)	(3.042)	(2.980)	(72.67)	(73.17)	(71.64)	(18.35)	(18.46)	(18.01)	(2.220)	(2.237)	(2.253)	(1.854)	(1.906)	(1.888)	(0.303)	(0.297)	(0.295)	(212.9)	(213.6)	(204.9)	(73.91)	(74.52)	(70.99)	(101.0)	(118.1)	(104.1)	(42.77)	(53.62)	(54.80)	(6.229)	(6.090)	(6.012)	(4.515)	(5.071)	(5.020)	(0.912)	(1.058)	(1.050)
_yb35	-27.07	-27.93	-18.91	-13.12*	-13.46*	-9.343	-22.67	-24.07	-25.25	-50.23	-56.40	-40.83	-3.455	-2.744	-1.078	-5.018	-4.852	-3.975	-1.529	-1.573*	-1.474	14.25***	13.95**	13.31**	2.585	2.681	3.869	-71.84	-73.91	-42.83	5.883	6.714	11.60	-6.758***	-6.856***	-6.757***	1.160	1.083	0.807	-0.874**	-0.815**	-0.879**	121.7	117.0	161.3	-105.9	-104.9	-107.7	-65.61	-137.5	-177.0	154.0***	151.6***	119.7**	-12.43*	-18.56***	-15.25**	-6.342	-8.845	-8.743	-0.935	-1.213	-1.668
	(27.34)	(26.55)	(26.19)	(7.487)	(7.444)	(7.334)	(23.37)	(23.34)	(24.39)	(41.95)	(41.24)	(40.81)	(6.259)	(6.268)	(6.469)	(4.890)	(4.830)	(5.021)	(0.955)	(0.951)	(0.972)	(5.503)	(5.430)	(5.233)	(3.926)	(3.932)	(3.735)	(75.54)	(76.29)	(74.98)	(21.39)	(21.40)	(21.17)	(2.446)	(2.469)	(2.494)	(2.030)	(2.073)	(2.057)	(0.344)	(0.337)	(0.342)	(206.3)	(206.9)	(198.3)	(72.51)	(73.11)	(69.52)	(114.0)	(130.0)	(116.5)	(48.10)	(58.11)	(59.15)	(6.652)	(6.563)	(6.430)	(5.038)	(5.602)	(5.512)	(1.046)	(1.166)	(1.149)
_yb36	-31.30	-32.65	-24.43	-13.32*	-13.70*	-10.02	-27.94	-29.34	-35.44	-66.28	-73.18	-61.28	-1.746	-0.949	0.773	-3.009	-2.757	-1.815	-1.548	-1.586	-1.443																						112.1	107.6	151.6																		
	(29.63)	(28.84)	(28.36)	(7.874)	(7.824)	(7.807)	(22.05)	(22.56)	(23.46)	(46.21)	(45.48)	(44.79)	(6.508)	(6.514)	(6.764)	(5.166)	(5.098)	(5.342)	(0.995)	(0.990)	(1.018)																						(203.9)	(204.5)	(196.3)																		
_yb37	-17.55	-18.48	-9.519	-14.26*	-14.53*	-10.24				-50.24	-56.08	-39.39	-2.514	-1.667	0.260	-4.752	-4.519	-3.461	-1.659	-1.706*	-1.577	29.68***	30.34***	29.61***	5.668	5.668	7.270*	-13.84	-10.98	19.14	17.59	18.41	25.56	-6.072**	-6.056**	-6.062**	1.406	1.376	1.155	-1.069**	-1.031**	-1.092***																					
	(30.21)	(29.31)	(28.86)	(8.169)	(8.120)	(8.099)				(44.38)	(43.57)	(43.26)	(6.736)	(6.738)	(6.977)	(5.290)	(5.226)	(5.462)	(1.015)	(1.010)	(1.041)	(4.082)	(4.206)	(4.115)	(4.393)	(4.394)	(4.253)	(83.69)	(83.78)	(82.89)	(24.14)	(24.20)	(24.14)	(2.915)	(2.926)	(2.956)	(2.447)	(2.476)	(2.463)	(0.416)	(0.408)	(0.416)																					
_yb_pre1955	9.719	9.866	11.81	-11.92*	-12.08*	-11.01*	-16.28	-13.01	-45.15	-48.30	-52.51	-52.31	-4.422	-3.714	-2.502	-6.651	-6.452	-5.811	-0.689	-0.737	-0.661	45.28***	45.36***	42.44***				-84.77	-75.53	-53.70																						1,048***	1,033***	934.2***									
	(22.83)	(22.20)	(21.74)	(6.487)	(6.465)	(6.281)	(51.80)	(49.89)	(53.01)	(37.28)	(36.47)	(36.00)	(5.761)	(5.703)	(5.842)	(4.562)	(4.449)	(4.507)	(0.899)	(0.896)	(0.889)	(15.06)	(14.83)	(14.35)				(58.40)	(59.47)	(59.65)																						(346.0)	(343.8)	(336.9)									
_dob_m1	-0.117	-0.405	-3.710*	0.738	0.678	0.931	-1.086	-1.511	-0.0969	3.741	2.826	4.230	0.292	0.366	0.370	0.0612	0.0992	0.102	-0.0201	-0.0197	-0.0175	-1.354	-1.699	-1.787	-0.328	-0.327	-0.431	-1.785	-1.632	-2.437	-1.903	-1.909	-2.487	-0.583	-0.572	-0.633	-0.320	-0.309	-0.349	0.0406	0.0484	0.0388	-4.914	-6.054*	-8.147***	-1.921	-2.008	-2.045	-14.96	-18.05	-15.12	-1.611	-2.575	-2.208	0.126	-0.404	-0.238	0.202	-0.635	-0.687	-0.00337	0.114	0.113
	(1.410)	(1.401)	(2.216)	(0.565)	(0.568)	(0.568)	(4.218)	(4.202)	(4.053)	(3.400)	(3.402)	(3.356)	(0.412)	(0.415)	(0.407)	(0.368)	(0.369)	(0.369)	(0.0693)	(0.0689)	(0.0683)	(2.440)	(2.421)	(2.416)	(0.494)	(0.496)	(0.513)	(4.852)	(4.789)	(4.697)	(2.838)	(2.818)	(2.832)	(0.456)	(0.454)	(0.449)	(0.387)	(0.384)	(0.383)	(0.0634)	(0.0626)	(0.0626)	(3.784)	(3.604)	(2.218)	(1.273)	(1.332)	(1.292)	(10.97)	(11.64)	(11.10)	(6.155)	(6.196)	(6.049)	(0.546)	(0.691)	(0.702)	(0.443)	(0.588)	(0.603)	(0.0767)	(0.106)	(0.101)
_dob_m2			-3.376	0.478	0.429	0.560				0.263	-0.302	0.311	0.367	0.424	0.398	-0.155	-0.131	-0.137	-0.0191	-0.0175	-0.0156	-0.691	-0.973	-0.329										-0.532	-0.536	-0.583	-0.408	-0.418	-0.501	0.0521	0.0571	0.0543	2.738	1.589		-0.795	-0.859	-0.721	-6.306	-9.033	-6.166	2.688	2.211	2.529		-0.545	-0.409		-0.873	-0.914		0.117	0.108
			(2.200)	(0.593)	(0.594)	(0.586)				(3.487)	(3.474)	(3.401)	(0.422)	(0.422)	(0.412)	(0.369)	(0.370)	(0.370)	(0.0688)	(0.0692)	(0.0684)	(2.490)	(2.478)	(2.482)										(0.484)	(0.482)	(0.480)	(0.396)	(0.396)	(0.395)	(0.0667)	(0.0668)	(0.0661)	(3.607)	(3.405)		(1.331)	(1.401)	(1.383)	(10.51)	(11.28)	(10.48)	(6.420)	(6.443)	(6.251)		(0.718)	(0.741)		(0.604)	(0.615)		(0.108)	(0.107)
_dob_m3	2.416	2.211	-1.165	1.243**	1.191**	1.376**	5.010	4.904	5.966	2.442	1.863	2.482	0.235	0.336	0.350	-0.382	-0.330	-0.320	-0.0443	-0.0403	-0.0304	0.346	0.0475	0.367	0.0222	0.0524	-0.0291	-2.175	-1.066	-1.280	-1.327	-1.219	-2.099	-0.610	-0.610	-0.668	-0.329	-0.334	-0.377	0.0607	0.0619	0.0582	-3.156	-4.308	-6.685**	-2.089*	-2.195*	-2.180*	-21.90**	-23.84**	-21.14**	0.336	-0.284	-0.598	0.394	-0.0654	0.0801	0.774	-0.0563	-0.0681	0.0734	0.192	0.180
	(1.531)	(1.508)	(2.174)	(0.569)	(0.570)	(0.566)	(4.557)	(4.495)	(4.186)	(3.293)	(3.279)	(3.228)	(0.407)	(0.410)	(0.403)	(0.359)	(0.360)	(0.361)	(0.0649)	(0.0648)	(0.0652)	(2.513)	(2.509)	(2.494)	(0.489)	(0.487)	(0.495)	(4.878)	(4.827)	(4.596)	(2.399)	(2.415)	(2.432)	(0.459)	(0.458)	(0.454)	(0.394)	(0.395)	(0.394)	(0.0619)	(0.0610)	(0.0630)	(4.274)	(4.152)	(2.665)	(1.264)	(1.323)	(1.279)	(10.88)	(11.56)	(10.69)	(6.447)	(6.264)	(6.127)	(0.561)	(0.692)	(0.708)	(0.490)	(0.628)	(0.641)	(0.0881)	(0.117)	(0.117)
_dob_m4	2.536*	2.459*	-0.953	0.606	0.570	0.713	2.129	2.226	2.400	3.208	2.825	3.598	0.330	0.387	0.343	0.0720	0.0861	0.0912	-0.0511	-0.0495	-0.0460	1.667	1.357	1.486	-0.709	-0.740	-0.843*	1.036	1.478	0.822	-2.374	-2.417	-2.898	-0.497	-0.465	-0.543	-0.307	-0.290	-0.361	0.0243	0.0279	0.0269	-0.527	-1.688	-4.823**	-0.319	-0.489	-0.522	-3.126	-6.205	-3.683	1.486	0.182	0.137	-0.0734	-0.517	-0.296	0.190	-0.593	-0.642	-0.0580	0.0629	0.0530
	(1.458)	(1.438)	(2.150)	(0.546)	(0.546)	(0.543)	(4.147)	(4.146)	(3.976)	(3.308)	(3.288)	(3.265)	(0.410)	(0.412)	(0.404)	(0.363)	(0.363)	(0.362)	(0.0649)	(0.0647)	(0.0640)	(2.387)	(2.383)	(2.404)	(0.485)	(0.494)	(0.495)	(5.031)	(5.017)	(4.877)	(2.386)	(2.378)	(2.380)	(0.451)	(0.453)	(0.451)	(0.383)	(0.385)	(0.383)	(0.0593)	(0.0597)	(0.0596)	(3.637)	(3.442)	(2.198)	(1.100)	(1.150)	(1.105)	(10.08)	(10.83)	(10.10)	(5.749)	(5.688)	(5.584)	(0.540)	(0.678)	(0.705)	(0.446)	(0.553)	(0.568)	(0.0745)	(0.102)	(0.100)
_dob_m5	4.100***	3.970***	0.315	0.672	0.635	0.713	-0.544	-0.161	-0.501	4.551	4.169	4.588	0.115	0.157	0.168	-0.0833	-0.0626	-0.0361	-0.0114	-0.00836	-0.00589	1.375	0.992	0.957	-0.182	-0.169	-0.308	-9.193*	-8.610*	-10.63**	-1.822	-1.810	-2.377	-0.556	-0.554	-0.599	-0.196	-0.189	-0.242	0.0464	0.0494	0.0407	-1.630	-2.907	-5.814***	-1.239	-1.401	-1.508	-13.91	-15.63	-15.06	0.850	-0.427	-0.891	0.188	-0.230	-0.0689	0.0587	-0.760	-0.782	0.0421	0.169	0.163
	(1.461)	(1.447)	(2.072)	(0.528)	(0.528)	(0.527)	(4.420)	(4.397)	(4.214)	(3.230)	(3.227)	(3.189)	(0.406)	(0.408)	(0.402)	(0.352)	(0.352)	(0.355)	(0.0642)	(0.0640)	(0.0638)	(2.374)	(2.370)	(2.373)	(0.468)	(0.473)	(0.487)	(4.851)	(4.777)	(4.711)	(2.530)	(2.557)	(2.625)	(0.448)	(0.448)	(0.443)	(0.389)	(0.388)	(0.384)	(0.0613)	(0.0612)	(0.0608)	(3.620)	(3.261)	(2.176)	(1.160)	(1.210)	(1.155)	(10.47)	(10.95)	(10.40)	(5.708)	(5.673)	(5.518)	(0.563)	(0.672)	(0.687)	(0.428)	(0.537)	(0.550)	(0.0881)	(0.109)	(0.107)
_dob_m6	0.294	0.0422	-3.523*	0.512	0.452	0.512	-4.645	-4.687	-5.023	2.413	1.924	2.328	0.209	0.272	0.226	-0.146	-0.108	-0.100	-0.0388	-0.0315	-0.0314	-0.833	-1.276	-1.302	-0.382	-0.360	-0.532	-3.382	-3.190	-4.889	-4.042*	-3.938*	-4.593*	-0.579	-0.571	-0.623	-0.263	-0.260	-0.305	0.0876	0.0946	0.0913	-2.939	-3.997	-6.726***	-1.041	-1.260	-1.379	-15.29	-17.61	-17.09	-1.969	-3.233	-3.585	0.498	0.118	0.189	0.0830	-0.675	-0.712	0.0248	0.141	0.135
	(1.492)	(1.475)	(2.110)	(0.532)	(0.533)	(0.537)	(4.517)	(4.452)	(4.220)	(3.192)	(3.180)	(3.170)	(0.401)	(0.406)	(0.399)	(0.351)	(0.355)	(0.356)	(0.0633)	(0.0635)	(0.0625)	(2.391)	(2.373)	(2.368)	(0.465)	(0.463)	(0.475)	(5.099)	(5.093)	(4.800)	(2.343)	(2.331)	(2.356)	(0.435)	(0.434)	(0.430)	(0.370)	(0.368)	(0.367)	(0.0642)	(0.0638)	(0.0631)	(3.856)	(3.535)	(2.400)	(1.170)	(1.224)	(1.181)	(10.58)	(11.37)	(10.50)	(6.149)	(6.025)	(5.727)	(0.582)	(0.671)	(0.671)	(0.428)	(0.546)	(0.560)	(0.0855)	(0.100)	(0.0960)
_dob_m7	0.289	0.310	-3.236	0.0689	0.0261	0.147	-7.330	-7.219	-7.338*	-0.458	-0.929	-0.335	0.115	0.153	0.110	-0.219	-0.203	-0.211	-0.0471	-0.0450	-0.0415	-0.421	-0.784	-0.650	-0.603	-0.599	-0.820*	-8.695	-8.677*	-10.47**	-7.210**	-7.232***	-8.421***	-0.512	-0.514	-0.515	-0.463	-0.463	-0.476	0.0289	0.0356	0.0337	-2.616	-3.795	-6.938***	-1.379	-1.498	-1.539	-15.46	-18.58	-17.57	-2.750	-3.677	-4.356	0.0956	-0.327	-0.296	0.275	-0.490	-0.520	-0.0180	0.0993	0.0824
	(1.637)	(1.575)	(2.202)	(0.529)	(0.527)	(0.519)	(4.804)	(4.688)	(4.416)	(3.267)	(3.245)	(3.188)	(0.398)	(0.402)	(0.394)	(0.337)	(0.340)	(0.339)	(0.0624)	(0.0622)	(0.0617)	(2.619)	(2.601)	(2.599)	(0.460)	(0.463)	(0.476)	(5.336)	(5.240)	(5.002)	(2.829)	(2.800)	(2.784)	(0.444)	(0.443)	(0.441)	(0.380)	(0.379)	(0.382)	(0.0605)	(0.0602)	(0.0602)	(4.111)	(3.903)	(2.635)	(1.253)	(1.305)	(1.265)	(11.09)	(11.79)	(11.24)	(6.349)	(6.225)	(6.042)	(0.595)	(0.693)	(0.685)	(0.485)	(0.608)	(0.617)	(0.0812)	(0.103)	(0.0978)
_dob_m8	2.645*	2.431	-1.178	0.279	0.240	0.375	-3.667	-3.597	-3.654	2.644	2.094	2.896	0.420	0.462	0.433	-0.203	-0.188	-0.203	-0.0665	-0.0655	-0.0674	1.914	1.694	1.161	0.0996	0.0654	-0.146	-6.357	-5.682	-7.827	-5.091*	-5.094*	-6.080**	-0.417	-0.386	-0.398	-0.231	-0.222	-0.289	0.0294	0.0310	0.0208	1.010	-0.519	-3.826	-0.612	-0.673	-0.817	-0.707	-1.417	-1.630	-4.975	-5.408	-6.096	1.028*	0.615	0.775	0.319	-0.524	-0.520	-0.0854	0.0523	0.0365
	(1.605)	(1.578)	(2.112)	(0.539)	(0.538)	(0.527)	(4.702)	(4.652)	(4.395)	(3.147)	(3.149)	(3.105)	(0.405)	(0.409)	(0.396)	(0.349)	(0.350)	(0.346)	(0.0651)	(0.0650)	(0.0623)	(2.504)	(2.518)	(2.553)	(0.508)	(0.515)	(0.519)	(5.116)	(5.096)	(4.777)	(2.722)	(2.743)	(2.698)	(0.468)	(0.468)	(0.465)	(0.392)	(0.394)	(0.397)	(0.0612)	(0.0610)	(0.0610)	(3.609)	(3.264)	(2.552)	(1.119)	(1.151)	(1.098)	(10.58)	(10.98)	(10.36)	(5.617)	(5.662)	(5.352)	(0.610)	(0.691)	(0.703)	(0.507)	(0.525)	(0.543)	(0.0800)	(0.0896)	(0.0911)
_dob_m9	2.498	2.348	-1.478	0.673*	0.662*	0.630*	-3.090	-2.254	-3.454	3.047	2.729	2.595	0.201	0.230	0.272	0.0257	0.0420	0.0740	-0.0263	-0.0239	-0.0160	-0.789	-0.935	-1.336	-0.380	-0.264	-0.554	-7.166	-6.646	-9.651	0.458	0.877	-0.666	0.00868	-0.0261	2.62e-05	0.231	0.192	0.141	0.0156	0.0218	0.0202		-0.238	-3.016										0.597	0.238	0.405	0.667	-0.146	-0.184	-0.193**	-0.0554	-0.0559
	(2.222)	(2.210)	(1.213)	(0.368)	(0.372)	(0.368)	(5.320)	(5.331)	(5.249)	(2.191)	(2.212)	(2.162)	(0.258)	(0.256)	(0.252)	(0.225)	(0.222)	(0.220)	(0.0443)	(0.0439)	(0.0433)	(1.475)	(1.489)	(1.467)	(0.587)	(0.581)	(0.587)	(6.137)	(6.158)	(6.101)	(3.529)	(3.527)	(3.558)	(0.311)	(0.304)	(0.304)	(0.257)	(0.254)	(0.257)	(0.0533)	(0.0523)	(0.0523)		(2.749)	(3.537)										(0.736)	(0.529)	(0.517)	(0.658)	(0.429)	(0.430)	(0.0970)	(0.0837)	(0.0786)
_dob_m10	1.656	1.828	-1.907*	0.282	0.286	0.301	-1.840	-0.708	-1.128	0.627	0.545	0.675	-0.0283	-0.00915	0.0536	-0.128	-0.124	-0.0867	-0.0214	-0.0236	-0.0178	-1.146	-1.136	-1.289	-0.813	-0.781	-1.066*	-14.82**	-13.55**	-16.62***	-5.758	-5.596	-6.917*	-0.306	-0.307	-0.277	-0.243	-0.237	-0.239	-0.0305	-0.0282	-0.0295	-2.772	-3.748	-7.091**	-0.675	-0.724	-0.791	-14.43	-14.15	-16.90**	1.255	0.687	0.694	0.159	-0.225	-0.100	0.417	-0.433	-0.403	-0.0224	0.117	0.115
	(2.102)	(2.090)	(1.132)	(0.390)	(0.388)	(0.364)	(5.546)	(5.502)	(5.270)	(2.395)	(2.363)	(2.216)	(0.259)	(0.257)	(0.256)	(0.222)	(0.220)	(0.225)	(0.0451)	(0.0451)	(0.0448)	(1.582)	(1.574)	(1.524)	(0.631)	(0.635)	(0.632)	(6.508)	(6.537)	(6.344)	(3.736)	(3.755)	(3.785)	(0.305)	(0.305)	(0.300)	(0.236)	(0.236)	(0.239)	(0.0479)	(0.0478)	(0.0469)	(2.959)	(2.772)	(3.269)	(0.871)	(0.919)	(0.858)	(9.069)	(9.436)	(8.479)	(4.822)	(4.815)	(4.636)	(0.723)	(0.464)	(0.460)	(0.587)	(0.362)	(0.354)	(0.0992)	(0.0903)	(0.0845)
_dob_m11	2.075	2.126	-1.776	-0.538	-0.544	-0.671*	-8.052	-6.984	-8.900	-1.151	-1.339	-1.958	0.112	0.108	0.112	0.263	0.268	0.269	-0.0248	-0.0253	-0.0242	0.502	0.678	0.340	-0.707	-0.643	-0.917	-11.96*	-10.99*	-13.88**	-6.859	-6.430	-7.831*	-0.174	-0.194	-0.175	0.0603	0.0433	0.0453	0.0544	0.0579	0.0547	0.409		-2.780	-0.508	-0.647	-0.512	-5.211	-7.461	-6.701	-1.432	-2.521	-0.860	0.380			0.752			-0.117		
	(2.183)	(2.162)	(1.133)	(0.349)	(0.350)	(0.353)	(6.309)	(6.196)	(6.271)	(2.199)	(2.193)	(2.153)	(0.258)	(0.253)	(0.251)	(0.225)	(0.221)	(0.226)	(0.0430)	(0.0427)	(0.0434)	(1.431)	(1.411)	(1.341)	(0.621)	(0.624)	(0.630)	(6.555)	(6.563)	(6.368)	(4.180)	(4.156)	(4.177)	(0.298)	(0.297)	(0.296)	(0.244)	(0.241)	(0.243)	(0.0588)	(0.0588)	(0.0577)	(2.844)		(3.457)	(0.816)	(0.833)	(0.793)	(9.009)	(9.485)	(8.265)	(4.430)	(4.478)	(4.533)	(0.736)			(0.614)			(0.111)		
_dob_y2	2.026	2.299	1.797	3.400***	3.318***	3.819***	11.67	8.557	12.20	-2.745	-2.236	-3.316	0.544	0.696	0.672	-0.430	-0.369	-0.356	0.0264	0.0168	0.0344	0.401	0.807	0.375	0.303	0.253	0.583	-5.391	-6.253	-1.123	6.365	6.016	6.471	0.404	0.393	0.446	0.401	0.391	0.423	-0.0759*	-0.0805*	-0.0751	-5.341	-5.501	0.314	2.628	2.890	2.588	21.57	21.60	16.13	-3.616	-3.561	-2.822	0.161	0.292	0.140	0.789	0.815	0.792	-0.104	-0.0977	-0.0924
	(2.004)	(1.993)	(2.012)	(1.237)	(1.213)	(1.158)	(12.93)	(12.68)	(11.83)	(2.838)	(2.830)	(2.811)	(0.721)	(0.732)	(0.730)	(0.854)	(0.778)	(0.811)	(0.121)	(0.122)	(0.128)	(2.134)	(2.130)	(2.113)	(0.883)	(0.911)	(0.875)	(16.62)	(16.61)	(14.97)	(4.630)	(4.694)	(4.511)	(0.370)	(0.370)	(0.364)	(0.320)	(0.318)	(0.317)	(0.0458)	(0.0464)	(0.0458)	(3.502)	(3.666)	(2.860)	(2.118)	(2.168)	(2.349)	(22.90)	(22.45)	(22.56)	(5.011)	(5.142)	(4.985)	(0.601)	(0.601)	(0.609)	(0.498)	(0.499)	(0.512)	(0.0778)	(0.0812)	(0.0798)
_dob_y3	8.638*	9.822**	8.140*							-15.05***	-12.52**	-14.71***										13.18**	13.85***	11.97***										0.888	0.872	0.931	0.711	0.725	0.820	0.122	0.118	0.0931			6.101							-19.66**	-21.11**	-20.58**	2.966***	3.392***	3.371***	4.561***	4.806***	4.999***	-0.194	-0.191	-0.191
	(4.520)	(4.383)	(4.250)							(5.208)	(5.217)	(5.307)										(5.466)	(5.130)	(4.314)										(0.927)	(0.911)	(0.876)	(0.857)	(0.842)	(0.894)	(0.212)	(0.206)	(0.216)			(4.745)							(8.374)	(8.868)	(9.266)	(1.087)	(1.050)	(1.153)	(0.824)	(0.835)	(0.865)	(0.140)	(0.145)	(0.150)
_eth1	-19.45***	-15.35***	-15.62***	-3.483***	-3.414**	-2.843*	4.489	12.80	13.72	-14.43*	-15.39	-15.66	-2.952***	-3.117***	-2.820***	-1.717***	-1.279	-1.040	0.245***	0.157	0.241	0.810	-0.418	-0.787	3.156	-0.116	0.396	24.09**	15.64	21.95	-7.575	-16.87	-16.34	-0.424	0.368	0.705	-0.349	-0.0359	0.0245	0.143*	-0.0883	-0.108	8.470***		-2.638	4.712***	2.195	1.951	10.48	74.29*	41.86	32.37***			-1.959**			-1.749**			0.364**		
	(2.200)	(4.474)	(4.783)	(0.654)	(1.450)	(1.462)	(11.85)	(16.27)	(14.51)	(7.943)	(11.48)	(12.58)	(0.410)	(0.918)	(1.063)	(0.365)	(0.779)	(0.951)	(0.0787)	(0.100)	(0.151)	(7.789)	(7.893)	(7.788)	(2.100)	(2.255)	(2.283)	(11.53)	(14.94)	(15.87)	(14.46)	(15.02)	(14.64)	(1.450)	(1.893)	(1.868)	(1.206)	(1.462)	(1.424)	(0.0735)	(0.0981)	(0.108)	(2.742)		(11.61)	(1.752)	(3.989)	(3.680)	(14.31)	(41.06)	(38.67)	(8.026)			(0.860)			(0.886)			(0.155)		
_eth2	-18.78***	-20.05***	-21.40***	-2.792***	-2.976***	-2.864***	7.983	4.563	-2.133	-13.11*	-15.36*	-18.75*	-2.847***	-2.459***	-2.135***	-1.784***	-1.508***	-1.169**	0.199**	0.217***	0.325**	0.453	-1.893	-4.041	3.838*	3.468*	3.267*	25.31**	23.51**	20.32*	-0.713	-3.079	-5.533	-0.259	-0.170	0.0678	-0.375	-0.303	-0.209	0.0795	0.0481	0.0265	6.827***	0.653	-0.382	5.021***	3.963**	2.146	8.601	14.43	-1.896	33.91***	1.240	-5.867	-2.213***	-9.006***	-8.764***	-1.833**	-5.094**	-5.505***	0.288*	-0.369	-0.525
	(1.910)	(2.090)	(3.188)	(0.555)	(0.561)	(0.716)	(11.54)	(10.84)	(10.51)	(7.716)	(8.031)	(10.04)	(0.364)	(0.409)	(0.606)	(0.343)	(0.362)	(0.563)	(0.0772)	(0.0809)	(0.131)	(7.648)	(7.470)	(7.219)	(2.025)	(1.965)	(1.844)	(10.39)	(9.394)	(10.49)	(14.08)	(12.27)	(11.72)	(1.421)	(1.405)	(1.302)	(1.187)	(1.110)	(1.007)	(0.0493)	(0.0633)	(0.0569)	(2.060)	(12.36)	(5.655)	(1.732)	(2.022)	(2.390)	(13.31)	(18.09)	(18.08)	(8.025)	(19.99)	(20.98)	(0.776)	(2.440)	(2.459)	(0.914)	(2.152)	(2.135)	(0.149)	(0.424)	(0.420)
_eth3	-14.95***	-16.60***	-16.46***	-2.259**	-2.466**	-1.955*	-0.805	-4.080	-6.267	-16.50*	-18.92**	-20.20*	-1.625**	-1.162*	-0.800	-1.196	-0.834	-0.418	0.303**	0.328**	0.457**	-0.965	-2.941	-2.510	3.892*	3.599*	3.542*	26.48*	25.70*	26.40*	-7.280	-9.313	-9.352	-0.161	-0.0932	-0.0121	-0.235	-0.163	-0.316	0.0405	0.00935	0.0189	12.09**	6.309	8.351	4.915**	3.916	2.515	28.58	33.27	32.28	22.86***	-9.251	-14.73	-0.474	-7.322***	-7.180***	-1.302**	-4.533**	-5.219**	-0.0391	-0.711	-0.840*
	(4.052)	(4.059)	(4.910)	(0.992)	(0.960)	(1.171)	(14.08)	(13.35)	(14.25)	(8.937)	(8.980)	(11.20)	(0.641)	(0.686)	(0.874)	(0.756)	(0.780)	(0.953)	(0.142)	(0.143)	(0.183)	(8.214)	(8.077)	(7.950)	(2.125)	(2.080)	(1.956)	(14.85)	(14.40)	(14.39)	(15.31)	(13.65)	(12.95)	(1.493)	(1.486)	(1.399)	(1.230)	(1.156)	(1.057)	(0.0569)	(0.0688)	(0.0705)	(5.974)	(12.55)	(5.667)	(2.238)	(2.488)	(2.477)	(22.67)	(26.39)	(25.09)	(8.864)	(20.80)	(22.10)	(0.790)	(2.458)	(2.499)	(0.575)	(2.142)	(2.115)	(0.139)	(0.434)	(0.431)
_eth4	-9.983***	-11.16***	-12.70***	-2.297***	-2.469***	-2.411***	18.17	16.27	10.55	-18.15**	-20.00**	-23.91**	-2.087***	-1.774***	-1.371**	-0.992**	-0.686	-0.334	0.274**	0.302***	0.404**	7.047	4.769	3.316	3.688*	3.334	3.205	31.93**	30.41***	30.87**	-3.591	-5.892	-6.790	0.986	1.087	1.134	0.816	0.950	0.919	0.0974	0.0735	0.0762		-5.846	-1.984	3.440*	2.387	2.414	11.53	18.79	17.77	17.18*	-13.99	-16.89	-0.312	-7.079**	-6.804**	-1.094	-4.345*	-4.994**	0.493	-0.169	-0.271
	(2.493)	(2.652)	(3.560)	(0.745)	(0.752)	(0.909)	(13.05)	(12.53)	(12.35)	(8.201)	(8.552)	(10.52)	(0.477)	(0.515)	(0.698)	(0.477)	(0.487)	(0.675)	(0.110)	(0.115)	(0.157)	(8.040)	(7.862)	(7.565)	(2.113)	(2.052)	(1.974)	(12.43)	(11.55)	(12.39)	(14.98)	(13.29)	(12.63)	(1.475)	(1.455)	(1.371)	(1.273)	(1.195)	(1.118)	(0.101)	(0.108)	(0.104)		(12.40)	(5.732)	(1.764)	(2.084)	(2.358)	(13.44)	(18.61)	(18.45)	(9.973)	(21.26)	(22.29)	(1.511)	(2.865)	(2.904)	(1.138)	(2.362)	(2.339)	(0.335)	(0.569)	(0.555)
_eth5	-22.68***	-23.68***	-23.65***	-5.135***	-5.315***	-4.757***	2.908	0.538	1.132	-24.31***	-26.18***	-25.84**	-2.472***	-2.200***	-1.768***	-1.572***	-1.303***	-0.895	0.206**	0.229**	0.326**	-2.064	-3.474	-2.591	2.287	2.066	2.290	31.79***	31.34***	34.86***	-10.37	-11.66	-10.54	0.147	0.201	0.387	0.133	0.200	0.0701	0.0699	0.0453	0.0564	4.881*	-0.459	1.092	4.257**	3.105	1.945	11.45	17.00	9.188	25.64***	-6.714	-11.17	-1.960**	-8.541***	-8.401***	-1.299	-4.326**	-4.918**	0.294*	-0.382	-0.513
	(2.028)	(2.153)	(3.123)	(0.718)	(0.716)	(0.842)	(12.55)	(11.91)	(11.90)	(7.899)	(8.225)	(10.07)	(0.443)	(0.486)	(0.657)	(0.416)	(0.440)	(0.624)	(0.0952)	(0.0990)	(0.147)	(7.695)	(7.496)	(7.274)	(2.062)	(1.997)	(1.884)	(10.73)	(9.745)	(10.80)	(14.09)	(12.29)	(11.81)	(1.433)	(1.412)	(1.318)	(1.194)	(1.111)	(1.015)	(0.0488)	(0.0627)	(0.0612)	(2.596)	(12.07)	(5.897)	(1.742)	(1.971)	(2.404)	(13.44)	(17.31)	(17.59)	(8.105)	(19.71)	(20.97)	(0.799)	(2.396)	(2.429)	(0.939)	(2.120)	(2.116)	(0.152)	(0.415)	(0.411)
_eth6	-23.11***	-23.66***	-24.18***	-3.823***	-3.941***	-3.691***	8.074	7.850	3.653	-8.205	-9.129	-11.02	-2.336***	-2.122***	-1.753**	-2.147***	-1.882***	-1.464**	0.110	0.137*	0.241*	-3.869	-4.614	-4.499	2.993	2.814	3.064	48.35***	47.99***	49.62***	-0.679	-2.072	-1.517	0.280	0.329	0.539	-0.141	-0.0280	-0.0883	0.0167	0.0117	-0.000347	3.521	-1.318	0.533	3.443**	2.614	1.784	34.36**	41.80**	37.84**	31.67***	1.873	-3.061	-1.464*	-8.145***	-7.632***	-1.667**	-4.701**	-5.159**	0.241	-0.450	-0.592
	(3.255)	(3.356)	(4.051)	(0.674)	(0.686)	(0.845)	(14.39)	(14.01)	(13.51)	(8.645)	(8.854)	(10.37)	(0.473)	(0.509)	(0.683)	(0.576)	(0.580)	(0.715)	(0.0730)	(0.0775)	(0.129)	(7.937)	(7.719)	(7.439)	(2.131)	(2.059)	(1.947)	(12.71)	(11.51)	(12.36)	(14.38)	(12.67)	(12.14)	(1.484)	(1.455)	(1.362)	(1.295)	(1.217)	(1.125)	(0.0588)	(0.0702)	(0.0708)	(3.020)	(12.29)	(5.551)	(1.587)	(1.798)	(2.065)	(15.93)	(18.15)	(17.87)	(6.878)	(19.91)	(21.11)	(0.771)	(2.438)	(2.474)	(0.794)	(2.135)	(2.113)	(0.147)	(0.429)	(0.431)
_eth7	-20.89***	-21.52***	-21.32***	-3.431***	-3.593***	-2.883***	14.42	12.82	13.07	-13.29	-14.22	-13.35	-2.033**	-1.776**	-1.148	-1.979***	-1.720**	-1.214	0.290	0.321	0.436*	-6.250	-7.579	-7.054	4.449**	4.354**	4.855**	31.70**	34.07***	37.97***	-2.909	-3.185	0.406	0.410	0.471	0.589	-0.368	-0.300	-0.390	0.0364	0.0104	0.0357	3.505	-1.728	-0.995	6.533***	5.467**	5.330**	30.28	36.86	35.91	39.35***	7.628	5.183	-1.261	-7.913***	-7.817***	-1.814	-4.851**	-5.633**	0.179	-0.501	-0.661
	(3.033)	(3.153)	(3.775)	(0.987)	(1.008)	(1.070)	(13.02)	(12.70)	(12.27)	(8.685)	(8.986)	(10.80)	(0.792)	(0.802)	(0.960)	(0.758)	(0.740)	(0.854)	(0.226)	(0.221)	(0.240)	(7.903)	(7.714)	(7.371)	(2.238)	(2.187)	(2.036)	(13.58)	(12.57)	(13.07)	(14.86)	(13.26)	(12.70)	(1.557)	(1.544)	(1.427)	(1.311)	(1.235)	(1.145)	(0.0499)	(0.0640)	(0.0600)	(3.622)	(12.80)	(6.383)	(2.266)	(2.471)	(2.515)	(22.07)	(24.26)	(24.13)	(7.967)	(20.25)	(21.16)	(1.255)	(2.640)	(2.618)	(1.164)	(2.274)	(2.246)	(0.152)	(0.432)	(0.424)
_eth8	-22.92***	-24.43***	-25.53***	-5.193***	-5.383***	-5.326***	-7.444	-10.67	-18.22	-32.12**	-34.68**	-39.84**	-2.406***	-2.048***	-1.529	-1.278*	-0.987	-0.539	0.176	0.195	0.330*	1.602	-1.271	-1.734	0.465	0.0602	-0.0577	10.56	7.582	8.054	-26.66	-29.34*	-31.27*	-0.889	-0.809	-0.593	0.0389	0.109	0.215	-0.106	-0.137	-0.156*	4.026	-1.521	-4.759	4.141**	3.044	0.973	-5.929	-1.782	-23.19	31.75***	-2.077	-13.01	-2.552**	-9.565***	-9.319***	-1.210	-4.570*	-5.033**	0.183	-0.496	-0.651
	(2.663)	(2.704)	(3.868)	(1.904)	(1.917)	(1.925)	(15.46)	(14.74)	(14.56)	(15.56)	(15.94)	(16.77)	(0.754)	(0.776)	(0.932)	(0.702)	(0.684)	(0.847)	(0.141)	(0.141)	(0.179)	(8.005)	(7.814)	(7.632)	(2.385)	(2.338)	(2.242)	(14.03)	(13.82)	(14.73)	(17.69)	(16.59)	(15.97)	(1.547)	(1.530)	(1.455)	(1.326)	(1.237)	(1.150)	(0.0826)	(0.0884)	(0.0900)	(5.505)	(13.95)	(7.398)	(2.075)	(2.313)	(2.616)	(18.73)	(22.52)	(21.88)	(9.932)	(21.34)	(22.48)	(1.262)	(2.688)	(2.730)	(1.419)	(2.452)	(2.391)	(0.180)	(0.463)	(0.452)
_eth9	-15.12***	-16.72***	-16.13***	-6.170***	-6.407***	-5.498***	16.90	13.38	18.02	-28.48***	-30.87***	-27.64***	-3.602***	-3.204***	-2.666***	-2.182***	-1.823***	-1.353**	0.0582	0.0895	0.205*	4.018	1.751	2.054	2.104	1.810	2.018	34.90***	33.34***	35.19**	-12.30	-14.67	-13.95	-0.636	-0.581	-0.328	-0.254	-0.118	-0.205	-0.00331	-0.0179	-0.00639	7.493**	2.150	4.360	4.319**	3.275	2.193	12.41	17.53	10.10	22.43***	-9.510	-14.63	-2.517***	-9.237***	-9.139***	-2.139**	-5.274**	-5.899***	0.194	-0.480	-0.597
	(2.994)	(3.001)	(4.161)	(1.008)	(1.008)	(0.840)	(12.03)	(11.54)	(11.89)	(8.295)	(8.664)	(9.951)	(0.492)	(0.513)	(0.643)	(0.550)	(0.544)	(0.683)	(0.0682)	(0.0691)	(0.119)	(7.921)	(7.696)	(7.672)	(2.273)	(2.211)	(2.015)	(12.59)	(11.67)	(13.76)	(14.42)	(12.72)	(12.00)	(1.446)	(1.425)	(1.348)	(1.229)	(1.148)	(1.075)	(0.0508)	(0.0648)	(0.0661)	(3.093)	(12.56)	(6.019)	(1.822)	(2.056)	(2.512)	(14.25)	(18.56)	(19.34)	(7.576)	(19.91)	(21.34)	(0.887)	(2.472)	(2.499)	(0.902)	(2.187)	(2.188)	(0.141)	(0.424)	(0.420)
_eth11	-17.10***	-18.03***	-20.82***	-1.512	-1.615	-1.522	4.740	3.650	-6.615	-5.404	-6.642	-13.85	-3.926***	-3.731***	-2.879***	-3.281***	-3.084***	-2.517***	0.138	0.155	0.301*	-9.748	-10.63	-13.07*										-2.459*	-2.283	-2.047	-2.186*	-1.992*	-1.720	0.0550	0.0246	0.00897																					
	(3.147)	(3.215)	(4.385)	(1.102)	(1.101)	(1.257)	(22.24)	(21.19)	(21.27)	(11.26)	(11.37)	(12.77)	(0.763)	(0.841)	(1.101)	(0.590)	(0.604)	(0.850)	(0.116)	(0.116)	(0.174)	(7.870)	(7.745)	(7.449)										(1.483)	(1.472)	(1.357)	(1.242)	(1.177)	(1.057)	(0.0719)	(0.0826)	(0.0731)																					
_eth12	-23.43***	-24.32***	-26.22***	-3.981***	-4.079***	-4.067***	3.523	3.135	-5.869	-13.70	-14.61	-19.64*	-3.277***	-3.083***	-2.591**	-1.416*	-1.200	-0.733	0.215	0.234*	0.359**	-2.799	-3.807	-3.206	3.182	2.979	3.163	26.25*	26.45**	27.77**	2.697	1.562	0.903	0.177	0.236	0.558	-0.113	-0.0467	-0.00662	0.0665	0.0449	0.0504	10.76	5.794	7.423	8.090***	7.423***	7.144***	62.56***	72.37***	69.10***	37.25***	8.380	4.110	-0.770	-7.564***	-7.795***	-2.075***	-5.276**	-6.061***	0.0234	-0.650	-0.831*
	(3.930)	(4.070)	(4.910)	(0.866)	(0.867)	(1.016)	(15.62)	(14.89)	(15.59)	(8.662)	(8.948)	(10.90)	(0.913)	(0.955)	(1.094)	(0.854)	(0.889)	(1.008)	(0.133)	(0.136)	(0.178)	(7.932)	(7.638)	(7.321)	(2.247)	(2.178)	(2.109)	(13.62)	(12.96)	(13.68)	(14.66)	(12.93)	(12.38)	(1.499)	(1.483)	(1.412)	(1.320)	(1.246)	(1.172)	(0.0822)	(0.0913)	(0.0900)	(6.820)	(13.13)	(6.113)	(1.227)	(1.662)	(1.810)	(21.62)	(25.36)	(23.60)	(9.072)	(20.47)	(21.50)	(0.842)	(2.494)	(2.536)	(0.713)	(2.175)	(2.146)	(0.188)	(0.472)	(0.470)
motherage	-23.60*	-23.77*	-21.77*	-9.392***	-9.498***	-8.288***	-53.24	-56.16	-45.04	-28.63*	-29.02*	-22.43	-0.483	-0.154	0.491	0.250	0.350	0.547	-0.124	-0.116	-0.122	-22.34	-21.63	-18.01	-4.177	-4.123	-2.601	-12.88	-15.54	-1.117	-5.432	-4.583	1.416	-6.216**	-6.105**	-5.921**	0.487	0.435	0.327	-0.379	-0.363	-0.422	-14.36	-13.98	-18.94	12.24	12.01	12.61	-49.34	-64.11	-105.6	111.8***	109.6***	101.0***	-12.04**	-12.11**	-12.47***	-5.019	-4.632	-4.861	-0.431	-0.450	-0.596
	(12.95)	(12.23)	(11.49)	(3.195)	(3.161)	(3.067)	(40.91)	(39.63)	(41.21)	(16.97)	(16.90)	(16.17)	(2.443)	(2.481)	(2.523)	(1.993)	(1.992)	(2.039)	(0.358)	(0.358)	(0.373)	(16.92)	(15.72)	(15.19)	(4.597)	(4.512)	(4.358)	(50.26)	(49.25)	(49.50)	(25.57)	(25.43)	(24.68)	(2.981)	(2.960)	(2.932)	(2.457)	(2.473)	(2.465)	(0.503)	(0.492)	(0.487)	(25.01)	(25.12)	(24.15)	(8.740)	(8.817)	(8.339)	(96.84)	(97.58)	(93.22)	(37.74)	(37.37)	(36.54)	(4.834)	(4.792)	(4.583)	(3.979)	(4.004)	(3.899)	(0.947)	(0.922)	(0.927)
motheragesq	0.703	0.704	0.639	0.359***	0.363***	0.324***	2.042	2.135	1.768	1.013	1.019	0.799	0.0461	0.0340	0.00876	0.0190	0.0146	0.00709	0.000607	0.000139	0.000376	0.678	0.652	0.507	0.185	0.179	0.123	0.444	0.510	-0.0414	0.226	0.185	-0.0454	0.214*	0.210*	0.203*	-0.0305	-0.0287	-0.0239	0.00977	0.00904	0.0110	0.516	0.510	0.679	-0.419	-0.406	-0.445	1.758	2.416	3.988	-4.137***	-4.024***	-3.715***	0.454**	0.465***	0.476***	0.181	0.173	0.183	0.0136	0.0141	0.0191
	(0.477)	(0.452)	(0.424)	(0.119)	(0.118)	(0.113)	(1.477)	(1.437)	(1.487)	(0.646)	(0.642)	(0.615)	(0.0932)	(0.0942)	(0.0958)	(0.0753)	(0.0749)	(0.0762)	(0.0137)	(0.0137)	(0.0141)	(0.626)	(0.582)	(0.564)	(0.169)	(0.165)	(0.160)	(1.878)	(1.845)	(1.859)	(0.966)	(0.958)	(0.930)	(0.112)	(0.111)	(0.110)	(0.0912)	(0.0914)	(0.0912)	(0.0192)	(0.0188)	(0.0186)	(0.941)	(0.948)	(0.914)	(0.328)	(0.332)	(0.311)	(3.602)	(3.643)	(3.440)	(1.428)	(1.418)	(1.386)	(0.183)	(0.180)	(0.173)	(0.151)	(0.152)	(0.148)	(0.0341)	(0.0333)	(0.0336)
motheragecub	-0.00649	-0.00648	-0.00578	-0.00429***	-0.00434***	-0.00390***	-0.0250	-0.0261	-0.0220	-0.0115	-0.0116	-0.00915	-0.000843	-0.000693	-0.000368	-0.000544	-0.000481	-0.000382	2.53e-05	3.17e-05	2.97e-05	-0.00671	-0.00639	-0.00448	-0.00253	-0.00242	-0.00174	-0.00547	-0.00592	0.000972	-0.00299	-0.00233	0.000535	-0.00237*	-0.00233*	-0.00224*	0.000527	0.000503	0.000438	-8.29e-05	-7.16e-05	-9.34e-05	-0.00544	-0.00535	-0.00721	0.00465	0.00448	0.00504	-0.0207	-0.0305	-0.0496	0.0501***	0.0484***	0.0445***	-0.00563**	-0.00597***	-0.00604***	-0.00218	-0.00222	-0.00234	-0.000151	-0.000160	-0.000222
	(0.00571)	(0.00543)	(0.00510)	(0.00144)	(0.00143)	(0.00137)	(0.0175)	(0.0171)	(0.0177)	(0.00796)	(0.00790)	(0.00759)	(0.00116)	(0.00117)	(0.00119)	(0.000927)	(0.000919)	(0.000933)	(0.000170)	(0.000170)	(0.000174)	(0.00752)	(0.00702)	(0.00683)	(0.00202)	(0.00198)	(0.00192)	(0.0229)	(0.0225)	(0.0228)	(0.0118)	(0.0117)	(0.0114)	(0.00138)	(0.00136)	(0.00134)	(0.00110)	(0.00110)	(0.00110)	(0.000238)	(0.000234)	(0.000230)	(0.0115)	(0.0116)	(0.0112)	(0.00402)	(0.00409)	(0.00381)	(0.0436)	(0.0443)	(0.0413)	(0.0176)	(0.0176)	(0.0171)	(0.00225)	(0.00221)	(0.00213)	(0.00188)	(0.00189)	(0.00184)	(0.000402)	(0.000395)	(0.000397)
agefirstbirth	-0.0904	-0.0979	-0.0795	0.0408	0.0378	0.0296	0.202	0.109	0.0278	0.413	0.398	0.362	0.0192	0.0177	0.00465	-0.00968	-0.0124	-0.0195	-0.00571	-0.00496	-0.00525	0.358***	0.300***	0.0354	0.0857***	0.0834***	0.0412	1.158***	0.962***	0.328	0.472***	0.418**	0.158	0.0368	0.0351	0.0371	0.0366*	0.0404*	0.0488**	0.000366	0.00174	0.000755	0.0870	0.0598	-0.221	0.0167	0.00434	-0.0646	0.443	0.133	-0.935	0.567**	0.481*	0.251	-0.0302	-0.0206	-0.0163	-0.0615*	-0.0484	-0.0445	0.000897	0.000870	-0.00111
	(0.173)	(0.165)	(0.162)	(0.0392)	(0.0375)	(0.0370)	(0.481)	(0.484)	(0.482)	(0.269)	(0.262)	(0.260)	(0.0363)	(0.0358)	(0.0365)	(0.0252)	(0.0254)	(0.0258)	(0.00655)	(0.00660)	(0.00658)	(0.108)	(0.111)	(0.110)	(0.0306)	(0.0303)	(0.0302)	(0.337)	(0.351)	(0.379)	(0.182)	(0.178)	(0.173)	(0.0236)	(0.0237)	(0.0246)	(0.0207)	(0.0209)	(0.0217)	(0.00402)	(0.00396)	(0.00389)	(0.169)	(0.168)	(0.172)	(0.0540)	(0.0563)	(0.0618)	(0.553)	(0.587)	(0.580)	(0.286)	(0.286)	(0.298)	(0.0363)	(0.0370)	(0.0363)	(0.0316)	(0.0317)	(0.0322)	(0.00503)	(0.00535)	(0.00555)
miss_motherage	-254.1**	-256.8**	-232.1**	-77.45***	-78.46***	-64.46**	-461.5	-491.5	-358.2	-249.0*	-254.6*	-179.3	2.544	5.254	10.92	10.34	11.02	12.95	-2.393	-2.347	-2.330	-240.8	-235.4*	-205.1	-28.60	-28.76	-14.27	-149.8	-188.7	-57.68	-28.94	-23.20	33.42	-59.04**	-58.11**	-56.55**	4.074	3.549	2.721	-4.809	-4.657	-5.212							-523.6	-703.1	-1,085				-107.5**	-113.5***	-113.0***	-45.99	-44.55	-46.14	-5.374	-5.860	-7.538
	(115.8)	(109.1)	(102.4)	(28.49)	(28.15)	(27.58)	(375.6)	(361.9)	(378.4)	(145.7)	(145.4)	(139.2)	(21.01)	(21.45)	(21.91)	(17.45)	(17.53)	(18.14)	(3.074)	(3.077)	(3.257)	(148.8)	(138.4)	(133.3)	(40.78)	(40.20)	(38.75)	(438.9)	(429.7)	(431.7)	(219.5)	(219.2)	(213.6)	(25.69)	(25.69)	(25.62)	(21.55)	(21.83)	(21.76)	(4.261)	(4.168)	(4.148)							(893.6)	(897.5)	(857.5)				(43.44)	(43.00)	(41.18)	(35.93)	(36.52)	(35.62)	(8.856)	(8.598)	(8.631)
height		10.38**	7.923*		1.226	0.331		36.12***	26.34**		21.20***	16.08**		-1.560*	-1.457*		-0.735	-0.661		0.0142	0.0128		12.16**	7.494		0.629	-0.443		36.56**	24.01		12.29	5.729		0.560	0.688		0.147	0.343		-0.0977	-0.110		7.061	3.315		-0.162	-0.629		33.80	23.91		7.571	3.722		1.299	0.998		0.811	0.565		-0.0373	-0.0656
		(4.301)	(4.140)		(1.096)	(1.067)		(13.33)	(12.94)		(6.952)	(6.767)		(0.828)	(0.836)		(0.717)	(0.727)		(0.124)	(0.126)		(4.921)	(4.656)		(1.422)	(1.402)		(15.01)	(14.95)		(8.188)	(8.037)		(0.973)	(0.963)		(0.829)	(0.797)		(0.135)	(0.139)		(6.552)	(6.231)		(2.587)	(2.553)		(24.15)	(22.26)		(11.15)	(10.89)		(1.467)	(1.426)		(1.114)	(1.112)		(0.250)	(0.247)
daily_cig_before_preg		-0.0120	0.0346		-0.00201	0.0146		0.0677	0.244*		0.0279	0.109		-0.0170*	-0.0155*		-0.00461	-0.00501		0.000902	0.00111		-0.0472	0.0491		0.000400	0.0172		-0.185	0.0598		-0.0108	0.0922		-0.000544	0.000190		0.00572	0.00212		0.00165	0.00198		0.0130	0.0905		-0.0166	0.00250		-0.343	-0.103		-0.0774	0.00408		0.0105	0.0132		0.0185*	0.0156		-0.000543	-0.000103
		(0.0410)	(0.0435)		(0.0118)	(0.0120)		(0.141)	(0.144)		(0.0689)	(0.0722)		(0.00873)	(0.00930)		(0.00825)	(0.00887)		(0.00142)	(0.00155)		(0.0472)	(0.0497)		(0.0155)	(0.0153)		(0.156)	(0.161)		(0.0818)	(0.0827)		(0.0101)	(0.0101)		(0.00854)	(0.00847)		(0.00159)	(0.00171)		(0.0652)	(0.0670)		(0.0217)	(0.0221)		(0.239)	(0.242)		(0.106)	(0.106)		(0.0138)	(0.0139)		(0.0112)	(0.0112)		(0.00201)	(0.00206)
weekly_alcohol_b_preg		-0.0477	-0.0409		0.00194	0.00328		-0.0347	-0.000970		-0.132	-0.115		-0.0117	-0.00974		-0.00362	-0.00237		-0.00156	-0.00125		0.0319	0.0479		0.0149	0.0157		0.0210	0.0122		0.0233	0.0326		-0.0111*	-0.0107		-0.00440	-0.00508		-0.000463	-0.000274		0.0539	0.0614		-0.0120	-0.0143		-0.214	-0.250		-0.0516	-0.0688		0.00163	0.00468		0.00553	0.00731		-0.00326**	-0.00279*
		(0.0424)	(0.0406)		(0.00966)	(0.00991)		(0.115)	(0.114)		(0.0960)	(0.0919)		(0.00905)	(0.00904)		(0.00769)	(0.00761)		(0.000991)	(0.000981)		(0.0362)	(0.0340)		(0.0102)	(0.00996)		(0.110)	(0.110)		(0.0956)	(0.0871)		(0.00668)	(0.00668)		(0.00603)	(0.00596)		(0.00160)	(0.00159)		(0.0472)	(0.0443)		(0.0188)	(0.0180)		(0.204)	(0.205)		(0.150)	(0.148)		(0.0102)	(0.00996)		(0.00787)	(0.00780)		(0.00161)	(0.00157)
complications_during_preg		-0.714	-0.801		-0.105	-0.0929		0.655	0.402		-0.406	-0.606		0.295**	0.273**		0.337***	0.333***		0.0366*	0.0387**		-0.801	-0.919		-0.146	-0.154		0.0271	-0.183		-1.895*	-2.097*		0.0505	0.0199		0.222*	0.225*		0.0245	0.0232		-0.395	-0.795		0.226	0.0431		4.326	2.359		3.372*	2.552		0.131	0.179		-0.0673	-0.0530		0.0265	0.0188
		(0.598)	(0.596)		(0.155)	(0.153)		(1.855)	(1.859)		(0.919)	(0.897)		(0.118)	(0.120)		(0.101)	(0.102)		(0.0193)	(0.0197)		(0.682)	(0.656)		(0.191)	(0.190)		(2.074)	(2.044)		(1.136)	(1.124)		(0.136)	(0.136)		(0.115)	(0.116)		(0.0198)	(0.0196)		(1.118)	(1.077)		(0.367)	(0.351)		(4.014)	(3.899)		(1.779)	(1.765)		(0.218)	(0.210)		(0.171)	(0.171)		(0.0338)	(0.0319)
miss_height		14.06*	10.47		2.332	0.930		67.82***	53.48**		33.09***	25.47**		-2.735*	-2.561*		-1.074	-0.972		-0.0182	-0.0160		14.23*	7.927		0.177	-1.218		56.77**	40.03		15.70	7.560		1.180	1.292		0.426	0.712		-0.261	-0.254		9.486	5.062		-1.496	-2.087		57.29	41.50		6.450	4.100		2.638	2.198		1.234	0.677		0.0121	0.0181
		(7.208)	(7.019)		(1.939)	(1.902)		(23.12)	(22.70)		(12.33)	(11.92)		(1.415)	(1.427)		(1.233)	(1.250)		(0.212)	(0.214)		(8.429)	(8.074)		(2.419)	(2.381)		(25.59)	(25.25)		(13.99)	(13.63)		(1.646)	(1.635)		(1.402)	(1.372)		(0.222)	(0.227)		(10.86)	(10.36)		(4.228)	(4.213)		(40.14)	(36.50)		(18.44)	(17.80)		(2.467)	(2.399)		(1.840)	(1.846)		(0.410)	(0.401)
miss_daily_cig_before_preg		-7.861***	-9.385***		-0.320	-0.581		-11.87	-16.43		-1.478	-3.470		0.581	0.724		-0.0718	0.0905		0.133*	0.169**		-0.933	-0.518		3.314***	2.842**		8.002	3.114		7.771	6.650		-0.810	-0.905		-0.177	-0.260		0.244***	0.259***		-40.56***	-35.77***		1.501	0.300		-58.78	-38.02		1.254	-4.124		-8.641***	-8.427***		-4.845**	-5.349**		-0.314	-0.452
		(2.560)	(2.304)		(1.411)	(1.324)		(13.18)	(10.40)		(8.663)	(8.071)		(0.851)	(0.885)		(0.723)	(0.775)		(0.0768)	(0.0798)		(2.983)	(3.050)		(1.228)	(1.385)		(12.58)	(11.92)		(8.943)	(8.938)		(1.324)	(1.361)		(0.984)	(0.993)		(0.0908)	(0.0993)		(6.367)	(5.998)		(4.030)	(3.959)		(38.37)	(36.31)		(19.37)	(20.53)		(2.360)	(2.411)		(2.110)	(2.101)		(0.413)	(0.409)
miss_weekly_alcohol_b_preg		1.776	3.029																																									43.46***	41.96***																		
		(4.808)	(4.336)																																									(13.53)	(12.78)																		
_mother_edu1			-5.881***			-1.706***			-22.70***			-15.62***			0.377			0.101			0.0197			-5.104***			-1.322**			-6.703			-12.38***			0.724*			0.246			-0.00530			-6.487*			-2.314			-41.26***			-1.481			0.471			0.610			0.222**
			(1.584)			(0.514)			(5.175)			(3.000)			(0.360)			(0.318)			(0.0519)			(1.715)			(0.539)			(6.735)			(3.270)			(0.381)			(0.323)			(0.0487)			(3.621)			(1.514)			(15.52)			(5.453)			(0.646)			(0.578)			(0.0958)
_mother_edu2			-6.204***			-1.810***			-20.84***			-13.63***			0.600			0.415			0.0850			-3.700**			-1.146**			-7.315			-8.686**			0.506			0.334			0.0712			-6.951*			-1.234			-42.74***			-0.992			0.0482			0.372			0.255**
			(1.448)			(0.514)			(5.263)			(3.129)			(0.367)			(0.307)			(0.0607)			(1.725)			(0.582)			(6.718)			(3.463)			(0.393)			(0.325)			(0.0596)			(3.828)			(1.559)			(16.00)			(5.834)			(0.673)			(0.608)			(0.109)
_mother_edu3			-3.072***			-0.723*			-10.67***			-7.298***			0.441			0.199			0.0142			-1.939			-0.216			-0.847			-4.619			0.403			0.0974			0.0125			-3.571			-0.577			-33.16**			4.262			0.103			0.159			0.216**
			(1.162)			(0.413)			(3.982)			(2.434)			(0.298)			(0.250)			(0.0434)			(1.462)			(0.468)			(5.971)			(3.048)			(0.341)			(0.284)			(0.0452)			(3.680)			(1.436)			(14.70)			(5.229)			(0.599)			(0.550)			(0.0906)
_mother_edu4			-1.713			-1.026**			-11.37***			-8.492***			0.483*			0.221			0.0409			-0.786			-0.655			-3.097			-6.581**			0.730**			0.0604			0.0612			-2.534			-0.258			-24.49*			3.110			1.067*			0.294			0.192**
			(1.169)			(0.406)			(3.811)			(2.465)			(0.293)			(0.246)			(0.0437)			(1.492)			(0.474)			(5.826)			(3.151)			(0.341)			(0.287)			(0.0487)			(3.624)			(1.371)			(14.69)			(5.276)			(0.619)			(0.527)			(0.0842)
_mother_edu5			-1.451			-0.379			-5.476			-5.498**			0.602**			0.0597			0.0312			0.938			-0.0910			6.068			-2.576			0.659**			0.0436			0.0253			0.502			-0.0323			-15.78			6.504			0.513			0.469			0.233***
			(0.956)			(0.379)			(3.424)			(2.252)			(0.271)			(0.222)			(0.0385)			(1.330)			(0.429)			(5.443)			(2.822)			(0.306)			(0.253)			(0.0387)			(3.129)			(1.262)			(13.66)			(4.699)			(0.511)			(0.454)			(0.0789)
_mother_edu7			-4.555**			-0.895			-20.83***			-12.43***			0.806*			0.420			0.155*			-5.059**			-0.496			-8.586			-11.39***			1.345***			0.742*			-0.0522			-4.187			-0.273			-42.31**			1.009			1.113			1.093**			0.241**
			(2.208)			(0.627)			(7.513)			(3.729)			(0.464)			(0.403)			(0.0930)			(2.035)			(0.663)			(7.501)			(4.124)			(0.448)			(0.420)			(0.0540)			(4.141)			(1.455)			(17.14)			(5.779)			(0.684)			(0.536)			(0.0982)
_inc1			1.442			-0.190			-15.89			1.647			-0.0837			0.166			-0.0122			0.389			-0.318			-13.10			0.173			-0.0141			-0.182			-0.0798			-0.214			2.557			24.78*			-11.90			0.0207			0.317			-0.266**
			(3.633)			(1.331)			(12.40)			(10.10)			(0.983)			(1.000)			(0.192)			(4.407)			(1.315)			(8.888)			(7.740)			(0.763)			(0.693)			(0.0642)			(3.974)			(1.841)			(13.60)			(10.13)			(0.818)			(0.800)			(0.112)
_inc2			-0.872			-0.705*			-7.890			-4.012*			-0.434			-0.427			-0.0237			-4.019***			-0.537			-9.322**			-2.976			0.0539			0.212			-0.0241			-3.798*			-0.00428			-0.508			0.216			0.264			0.253			-0.130**
			(1.312)			(0.394)			(5.072)			(2.175)			(0.292)			(0.276)			(0.0522)			(1.337)			(0.397)			(4.221)			(2.298)			(0.279)			(0.235)			(0.0440)			(1.945)			(0.750)			(6.685)			(3.378)			(0.411)			(0.332)			(0.0645)
_inc3			-1.836			-0.411			-7.945			-1.740			-0.512*			-0.431			-0.0657			-4.591***			-0.413			-9.489**			-3.011			0.0501			0.0298			-0.0420			-1.943			-0.221			-0.742			-0.160			0.837**			0.422			-0.0451
			(1.222)			(0.398)			(5.236)			(2.229)			(0.293)			(0.271)			(0.0521)			(1.150)			(0.374)			(3.814)			(2.131)			(0.262)			(0.219)			(0.0379)			(1.909)			(0.733)			(6.409)			(3.314)			(0.396)			(0.323)			(0.0601)
_inc4			-0.818			-0.166			-0.825			-0.491			-0.0238			-0.308*			-0.0286			-2.970***			-0.309			-3.900			-1.080			0.277			-0.0992			-0.00562			-0.843			-0.0387			-1.625			1.541			0.679			0.504			-0.00870
			(0.886)			(0.242)			(2.950)			(1.470)			(0.194)			(0.163)			(0.0315)			(0.950)			(0.291)			(3.118)			(1.805)			(0.222)			(0.174)			(0.0357)			(1.788)			(0.707)			(6.805)			(3.100)			(0.421)			(0.315)			(0.0649)
_inc6			0.842			0.538**			1.932			0.262			-0.372**			-0.337**			0.00136			0.0976			0.605**			6.348**			0.546			-0.235			-0.00310			-0.00291			2.780			1.464**			17.23**			4.526			-0.448			0.208			-0.00565
			(0.683)			(0.209)			(2.277)			(1.331)			(0.167)			(0.136)			(0.0262)			(0.926)			(0.271)			(3.098)			(1.874)			(0.220)			(0.179)			(0.0350)			(2.129)			(0.723)			(7.034)			(3.690)			(0.464)			(0.354)			(0.0633)
_dob_m12	3.510	3.799*					-5.978	-4.788	-5.478																-1.040	-1.028	-1.217*	-14.52**	-13.58**	-16.35**	-8.102**	-7.947*	-8.889**										-3.642	-4.283	-6.489*	-1.640*	-1.735*	-1.389*	-17.64**	-18.66**	-16.40**	-2.329	-3.050	-2.191	0.306	-0.0434	-0.00767	0.397	-0.393	-0.429	-0.0675	0.0618	0.0496
	(2.233)	(2.216)					(6.209)	(6.128)	(5.944)																(0.678)	(0.682)	(0.683)	(6.783)	(6.783)	(6.692)	(4.081)	(4.087)	(4.073)										(3.088)	(2.812)	(3.379)	(0.864)	(0.892)	(0.805)	(7.876)	(8.339)	(7.235)	(4.910)	(4.887)	(4.495)	(0.737)	(0.487)	(0.482)	(0.565)	(0.370)	(0.369)	(0.0963)	(0.0920)	(0.0875)
_dob_y1				4.241***	4.105***	4.840***	19.62	15.05	20.68				0.695	0.888	0.831	-0.631	-0.565	-0.560	0.00270	-0.00453	0.0148				1.018	0.955	1.441	6.243	4.797	12.04	11.30*	10.80*	11.89*										-4.704	-5.481		2.376	2.607	1.988	24.56	22.59	17.64												
				(1.395)	(1.373)	(1.331)	(15.18)	(14.89)	(14.51)				(0.861)	(0.878)	(0.884)	(0.955)	(0.889)	(0.932)	(0.142)	(0.142)	(0.149)				(1.102)	(1.125)	(1.083)	(18.30)	(18.28)	(16.78)	(6.412)	(6.493)	(6.460)										(4.917)	(5.019)		(2.422)	(2.516)	(2.651)	(25.43)	(25.49)	(25.14)												
_yb8							57.14	69.08	31.12																																																						
							(97.13)	(94.65)	(102.3)																																																						
_country3																									-0.529	-0.561	-0.572				-0.0977	-0.0563	0.201	0.506*			0.440*			0.0392			1.399	0.838	9.215***	0.388	0.395	0.643	-14.80*			2.374	2.416	3.114									
																									(0.406)	(0.410)	(0.415)				(2.526)	(2.563)	(2.644)	(0.280)			(0.257)			(0.0268)			(1.943)	(1.920)	(1.990)	(0.690)	(0.694)	(0.677)	(7.569)			(3.931)	(3.909)	(3.879)									
_eth10																																											2.732	-0.393									-28.20	-33.65		-7.374***	-7.472***		-3.013	-3.688*		-0.770*	-1.003**
																																											(5.749)	(12.17)									(20.30)	(20.85)		(2.458)	(2.545)		(2.163)	(2.168)		(0.424)	(0.434)
Constant	318.2**	308.3**	295.8**	94.79***	94.54***	81.57**	499.7	480.4	424.1	416.2**	398.1**	350.9**	5.526	3.843	-3.469	1.328	1.119	-1.727	2.872	2.815	2.579	243.6*	225.1*	216.3*	32.23	32.04	21.34	255.4	238.5	126.1	123.6	104.4	77.50	61.39**	59.98**	57.56**	-3.171	-2.769	-2.569	4.908	4.902	5.569	82.88***	80.55**	88.73**	8.659	10.94	17.26	703.7	833.7	1,303	-1,020***	-974.2***	-852.7**	120.3***	130.8***	129.9***	53.86	54.40	56.02	3.865	4.953	6.878
	(131.2)	(122.5)	(116.8)	(33.31)	(32.93)	(32.33)	(359.0)	(344.7)	(362.6)	(173.1)	(172.2)	(166.8)	(25.42)	(25.76)	(26.57)	(20.91)	(20.79)	(21.75)	(3.768)	(3.746)	(3.954)	(138.8)	(126.8)	(123.1)	(41.15)	(40.66)	(39.12)	(479.3)	(468.5)	(473.8)	(221.3)	(221.8)	(215.4)	(26.21)	(26.07)	(25.90)	(22.04)	(22.23)	(22.09)	(4.314)	(4.235)	(4.213)	(31.05)	(38.49)	(35.62)	(10.08)	(11.68)	(12.68)	(906.1)	(915.7)	(875.7)	(357.9)	(355.3)	(349.3)	(44.01)	(43.98)	(42.28)	(37.42)	(38.39)	(37.72)	(9.080)	(8.855)	(8.876)
																																																															
Observations	1,868	1,868	1,868	1,708	1,708	1,708	1,688	1,688	1,688	1,704	1,704	1,704	1,744	1,744	1,744	1,744	1,744	1,744	1,744	1,744	1,744	1,428	1,428	1,428	1,293	1,293	1,293	1,273	1,273	1,273	1,287	1,287	1,287	1,324	1,324	1,324	1,324	1,324	1,324	1,324	1,324	1,324	671	671	671	596	596	596	591	591	591	595	595	595	619	619	619	619	619	619	619	619	619
R-squared	0.119	0.137	0.168	0.127	0.130	0.166	0.090	0.107	0.150	0.126	0.135	0.177	0.036	0.045	0.056	0.037	0.044	0.048		0.002	0.004	0.116	0.137	0.193	0.124	0.128	0.169	0.157	0.159	0.209	0.112	0.123	0.157	0.048	0.050	0.071	0.058	0.062	0.074	0.060	0.069	0.079	0.035	0.048	0.124							0.174	0.178	0.207				0.130	0.147	0.168			
Robust standard errors in parentheses																																																															
*** p<0.01, ** p<0.05, * p<0.1																																																															
